115 22 185
11 18 148
18 10 195
12 9 335
17 19 304
7 9 405
7 5 320
15 7 297
16 14 198
4 8 319
15 19 371
9 20 272
6 16 190
7 3 497
3 19 382
11 7 75
21 17 136
6 12 9
2 3 122
2 9 163
18 15 195
10 22 61
13 20 281
22 14 262
5 4 154
11 19 451
13 17 41
5 11 453
20 12 339
10 4 246
22 13 355
6 15 368
19 13 432
11 21 453
4 6 283
5 8 401
19 10 285
8 17 98
15 9 115
5 6 425
17 11 50
9 8 133
5 20 78
19 21 242
2 1 475
6 7 91
4 14 172
16 10 135
18 7 275
18 17 276
16 19 342
10 1 307
3 8 354
22 1 214
8 20 197
21 9 234
4 20 183
1 12 345
8 1 335
3 14 422
10 11 236
2 8 155
20 21 142
19 12 334
17 4 394
3 18 104
2 11 402
1 4 303
18 1 371
15 20 41
9 5 321
22 18 289
7 16 113
2 17 276
9 17 12
6 2 161
8 11 470
11 1 60
18 9 147
22 4 361
9 1 317
21 1 8
20 2 206
14 15 163
1 3 351
22 15 290
9 6 271
2 12 84
9 4 395
2 13 258
16 2 383
10 14 301
6 19 112
15 8 226
16 9 358
9 11 354
4 12 500
22 5 135
12 15 333
16 21 11
10 20 248
6 20 103
14 17 167
19 1 85
21 2 22
2 22 349
4 18 341
20 14 37
8 6 237
5 1 234
16 18 96
6 10 496
3 16 361
12 3 179
8 19 16
3 11 72
