645 42 9
15 28 295
42 14 407
16 24 47
11 1 244
19 4 252
38 29 109
8 30 80
17 3 500
10 32 7
20 24 208
35 18 465
10 21 105
26 6 303
39 26 268
14 5 255
34 9 285
25 5 108
23 36 470
38 1 446
40 7 368
6 22 115
2 34 466
24 34 9
9 14 315
5 34 453
7 25 72
29 18 119
7 3 134
16 6 109
40 23 105
31 41 93
7 19 33
38 41 402
17 13 326
6 36 382
38 42 388
34 1 47
21 22 270
27 8 343
4 28 387
42 25 207
8 32 6
31 38 235
30 10 239
11 27 468
26 12 361
21 18 313
35 20 56
11 31 80
9 38 377
40 24 357
22 32 287
20 12 483
1 22 19
14 4 286
34 42 317
1 35 290
13 4 383
21 19 120
42 10 143
8 20 451
38 16 38
19 17 444
36 16 355
3 6 448
27 30 46
3 33 138
36 11 364
1 15 70
28 39 213
20 34 67
27 16 314
2 37 357
17 42 426
30 34 32
15 19 372
6 31 164
25 40 188
33 32 306
32 6 113
27 39 362
15 23 74
12 8 87
13 28 473
36 12 441
37 4 477
36 29 386
1 39 495
15 40 79
9 36 432
10 40 477
12 22 308
41 16 452
33 42 434
1 29 83
38 6 28
11 2 172
1 21 190
21 3 488
9 24 122
5 21 193
41 15 291
41 23 283
12 32 271
17 26 263
29 14 68
13 31 259
19 40 10
38 32 286
2 22 428
19 34 274
21 41 118
16 26 204
38 13 493
1 40 403
10 19 176
35 34 433
16 23 16
28 35 165
15 3 156
25 18 441
4 2 20
36 19 148
22 5 202
42 28 155
40 21 35
10 28 140
19 6 162
42 12 189
24 10 93
2 32 48
13 24 492
41 26 89
27 37 287
32 19 236
9 33 21
21 28 451
3 18 350
10 8 140
35 15 451
35 3 421
36 8 9
21 9 145
12 30 362
23 39 130
13 30 486
20 19 72
24 7 228
29 9 311
5 19 162
27 21 27
13 19 352
39 9 486
8 41 468
33 28 237
17 1 39
19 31 185
12 17 330
6 17 79
9 27 420
27 23 348
42 26 89
3 2 105
25 22 483
15 2 237
3 5 80
16 29 292
21 42 48
42 4 4
10 1 166
16 14 378
2 27 190
25 23 62
24 37 216
1 27 150
26 2 160
26 22 319
31 28 486
16 1 229
20 2 174
1 31 51
38 10 429
24 18 425
10 4 371
23 38 499
41 40 54
29 4 412
42 16 171
27 24 301
42 6 491
37 41 186
36 3 214
30 3 127
13 22 100
27 6 66
16 15 305
29 22 65
7 34 86
18 23 89
16 20 123
37 36 441
8 35 174
36 22 52
27 36 483
38 25 110
4 6 283
20 4 493
27 34 278
9 17 281
18 37 372
42 5 66
8 3 440
6 13 414
8 23 9
35 6 173
6 14 106
4 25 170
36 25 274
3 16 441
4 36 175
10 12 357
2 10 463
31 5 218
28 32 141
1 19 211
33 39 479
34 16 446
8 39 386
5 16 367
7 26 190
10 27 130
34 41 25
6 8 257
30 21 160
2 23 163
41 35 150
12 14 34
5 7 32
15 20 398
23 14 282
19 22 365
35 37 378
23 22 487
5 18 383
26 33 45
25 41 220
13 21 369
6 37 19
27 22 297
33 21 107
13 40 225
6 24 205
13 27 128
4 31 396
17 36 138
40 29 383
5 39 314
8 2 76
32 42 64
27 15 400
28 40 217
13 29 209
25 9 34
22 37 382
5 27 111
20 31 34
19 39 131
18 22 89
2 39 433
1 3 102
19 26 133
40 8 250
23 3 271
3 29 172
35 29 411
30 24 69
1 7 257
28 17 371
31 15 421
20 25 496
23 20 317
35 22 278
2 17 95
22 16 147
13 12 258
10 23 461
8 19 119
24 29 48
33 7 288
38 2 204
10 29 319
5 20 65
27 31 53
9 23 365
1 24 51
10 6 335
19 30 124
32 23 60
13 26 257
7 13 19
19 12 149
8 22 380
22 20 170
20 14 396
13 37 255
7 12 482
30 9 493
5 36 58
42 20 156
37 17 4
30 7 207
3 9 464
28 22 452
42 2 477
8 33 250
20 28 85
22 24 296
35 17 128
16 2 318
2 28 92
38 11 157
2 24 358
17 29 221
17 21 45
22 30 358
41 42 366
38 37 264
24 3 199
21 16 487
25 35 63
20 29 456
38 36 3
23 13 88
39 24 221
33 10 457
22 11 143
35 30 464
41 39 453
42 9 350
24 26 301
35 32 490
20 36 307
31 21 129
18 16 321
11 24 205
37 42 332
41 5 383
27 17 378
7 32 444
11 35 161
5 15 439
11 42 58
38 19 67
40 32 463
21 25 473
35 7 223
24 8 334
15 36 85
20 39 314
33 41 75
4 22 239
32 17 480
42 22 256
26 1 17
24 28 124
2 33 328
31 35 354
39 36 202
11 7 40
32 31 441
17 15 175
33 29 465
33 23 365
13 36 231
28 1 374
30 26 14
27 35 221
24 38 101
37 28 481
37 3 365
25 1 375
39 12 431
21 38 292
34 23 141
27 25 87
41 9 115
11 6 287
12 3 23
33 30 254
26 18 238
39 15 382
41 12 404
14 36 412
14 21 373
23 26 182
14 8 491
26 20 3
27 18 227
6 12 458
7 2 30
37 34 12
26 3 387
36 24 23
39 18 386
12 9 158
40 30 79
14 11 237
41 20 275
29 26 157
9 31 313
42 24 242
3 14 101
39 22 180
33 4 305
35 13 10
38 18 336
12 18 200
30 6 160
9 8 322
36 1 297
26 34 422
14 38 207
37 12 477
38 22 434
4 3 116
4 27 245
26 9 297
42 19 500
6 1 430
6 9 234
32 9 176
12 11 372
27 7 92
5 17 74
40 12 274
25 34 204
34 12 11
31 18 11
34 15 490
38 39 349
10 22 39
34 28 421
9 2 223
1 30 82
24 12 152
29 34 268
41 11 195
31 40 362
31 30 437
25 19 350
11 15 379
12 21 451
9 16 255
22 33 76
15 21 57
42 18 264
22 17 286
1 4 29
15 10 471
39 25 455
26 36 242
29 37 312
40 34 122
6 21 98
3 19 468
11 34 272
15 12 458
39 11 201
24 35 41
9 20 497
16 4 208
40 16 421
24 5 216
18 30 54
30 38 384
32 11 268
36 21 140
5 33 112
14 13 12
11 33 374
3 32 224
5 11 428
10 39 62
14 2 466
26 40 40
2 30 72
35 12 5
18 8 260
7 29 372
32 18 452
41 22 266
3 13 321
25 31 377
19 29 290
12 5 331
4 39 22
4 26 104
14 17 448
2 13 367
10 37 14
24 33 500
27 26 165
39 29 52
28 27 29
18 6 235
26 21 354
26 25 101
12 1 329
33 12 140
5 32 341
32 16 104
34 17 323
28 30 122
18 11 19
8 11 264
42 23 368
28 9 91
25 8 246
32 1 335
11 19 209
4 38 366
20 6 408
18 4 371
39 42 157
21 4 428
16 33 239
7 17 136
18 1 138
42 7 294
3 39 121
15 37 478
27 33 220
10 20 278
37 33 61
14 18 496
11 37 89
8 16 257
27 41 469
25 24 47
9 5 434
20 40 50
15 33 189
41 24 268
32 39 64
37 9 275
40 22 329
41 17 128
26 38 305
41 28 201
39 14 178
14 26 40
5 2 34
38 34 23
38 5 346
36 42 407
11 30 248
9 22 307
18 19 450
20 7 348
4 30 183
42 15 442
4 12 337
23 21 127
32 24 188
29 31 146
29 25 166
35 10 148
37 16 154
27 19 441
24 4 209
9 19 191
25 11 343
5 35 332
36 35 9
28 3 55
21 20 421
13 18 21
31 22 220
26 35 486
37 39 487
37 40 237
2 1 274
6 40 397
7 22 181
16 17 117
2 12 231
8 38 19
30 5 410
31 34 9
8 26 122
41 29 352
35 19 71
11 10 145
15 25 238
7 16 498
3 25 224
20 18 195
31 24 500
29 15 308
29 30 110
36 32 246
20 17 460
23 5 436
1 42 391
10 13 100
21 37 130
14 25 308
7 21 108
4 7 160
33 13 204
14 35 38
37 32 450
7 28 263
41 36 444
39 35 255
33 25 252
38 33 121
2 29 240
5 13 167
17 30 69
23 17 339
34 21 480
3 27 326
10 25 57
8 42 241
37 20 59
19 24 35
26 31 338
40 42 392
21 2 183
23 6 176
22 14 18
39 6 95
33 19 116
41 18 406
7 15 465
20 30 23
31 10 287
3 40 86
29 27 68
38 7 152
19 23 199
2 36 269
14 34 100
37 14 489
