351 27 21
11 5 156
13 27 150
25 20 425
25 15 427
13 14 393
17 18 436
27 26 129
21 23 448
11 9 337
3 5 1
8 18 43
5 4 65
8 9 179
15 4 321
20 14 188
9 19 178
7 16 426
7 6 491
13 18 148
1 22 139
7 13 53
21 5 168
1 15 210
8 11 305
4 2 190
17 5 418
11 21 167
10 19 388
4 10 119
8 15 335
23 13 352
6 19 191
25 9 57
24 14 317
12 2 227
13 9 475
24 5 353
1 19 127
14 19 459
21 1 44
6 24 203
1 20 64
12 6 366
25 21 225
19 21 378
7 12 233
25 3 358
25 11 177
17 26 485
6 14 450
9 20 179
12 27 88
16 2 439
27 17 72
8 26 480
16 9 435
10 21 103
27 20 263
4 18 63
18 16 378
1 2 488
15 7 391
4 7 158
9 6 433
21 20 323
6 22 252
23 1 151
19 18 455
18 9 350
7 20 175
22 5 20
25 1 295
15 6 498
12 18 238
16 12 471
7 11 285
5 2 19
17 1 313
20 11 176
10 1 268
10 25 214
17 12 425
13 25 476
4 25 22
1 7 78
24 15 209
26 22 207
13 12 115
15 23 390
20 16 337
13 8 143
5 27 466
5 6 500
3 15 257
9 1 480
14 5 330
15 10 381
16 27 357
22 21 193
17 24 39
15 14 90
22 24 161
26 11 52
22 3 166
23 26 294
4 19 318
13 19 326
27 10 291
3 24 230
22 19 234
8 22 69
12 1 481
26 21 267
16 1 156
1 5 282
1 26 226
6 8 299
25 22 256
8 27 271
17 23 337
24 25 156
10 8 171
21 14 178
12 25 322
17 6 477
15 5 495
2 7 249
2 13 295
27 18 485
17 9 280
8 4 488
1 6 384
14 26 297
12 24 241
24 1 104
21 8 423
9 3 468
16 11 117
23 12 57
16 5 340
22 18 339
20 6 266
13 20 276
24 11 384
17 10 352
18 15 261
24 23 29
16 14 229
12 3 302
19 15 271
7 25 142
7 19 486
27 2 388
10 7 222
25 6 350
17 4 37
7 18 59
8 16 490
9 10 330
9 27 402
26 2 342
12 10 373
6 23 191
20 2 452
4 14 155
16 10 162
22 13 380
15 11 16
27 22 457
5 25 78
26 5 235
5 13 318
13 26 204
12 8 240
10 13 208
9 23 169
12 22 307
3 6 143
7 27 474
4 20 204
6 10 75
18 24 112
20 23 320
3 21 500
4 22 268
14 11 166
16 22 452
13 21 49
10 5 306
4 9 419
16 21 453
27 11 487
17 11 295
24 26 480
22 11 403
11 10 123
26 16 227
19 17 27
26 3 367
7 17 383
4 3 154
17 16 500
25 2 243
17 13 305
8 20 58
14 25 51
12 15 252
3 23 84
24 27 82
10 23 135
18 2 230
26 19 192
18 5 386
23 16 82
12 14 147
18 25 344
24 16 189
24 9 372
8 19 130
24 20 308
26 10 164
17 3 93
9 2 352
21 7 221
6 4 467
6 18 125
2 10 214
8 2 83
27 21 284
16 25 145
6 21 276
25 19 407
7 22 236
1 11 154
4 16 317
22 23 72
4 27 273
11 6 385
3 27 493
24 4 420
4 23 489
19 16 214
11 23 338
3 13 443
6 2 145
19 5 405
1 14 12
1 4 299
18 14 127
2 24 33
12 20 220
17 15 500
10 22 104
1 18 467
7 23 72
16 6 7
23 27 209
9 7 105
13 4 383
8 25 237
20 18 419
19 3 41
14 9 187
2 17 93
2 21 67
23 14 161
5 9 450
15 2 42
19 11 423
13 16 404
7 8 410
2 23 142
9 15 316
14 10 53
23 25 390
3 7 282
23 8 323
12 21 175
11 12 46
19 27 417
16 15 209
11 3 410
11 18 236
1 8 122
20 5 428
1 3 269
14 2 454
12 4 41
17 20 69
14 27 189
17 25 364
14 7 320
1 13 339
18 23 291
22 15 236
10 24 246
23 5 110
24 7 381
25 27 403
26 15 162
11 2 160
22 14 146
15 21 126
26 6 362
18 21 164
7 5 334
8 14 438
11 13 416
19 23 447
18 26 187
3 14 380
9 21 214
5 12 209
20 3 381
10 20 96
9 26 248
20 26 345
22 2 294
4 26 376
8 5 82
24 21 381
15 27 192
24 19 354
19 20 342
16 3 228
21 17 461
24 8 218
27 1 178
4 21 170
13 24 105
12 26 34
11 4 281
20 22 426
17 14 330
7 26 164
6 27 239
9 12 18
22 9 194
19 12 489
6 13 476
17 22 388
18 10 80
17 8 415
2 19 271
3 2 61
15 20 451
15 13 473
25 26 194
18 3 301
3 10 477
3 8 386
