645 42 29
29 6 326
15 11 409
11 5 156
24 23 357
22 18 357
10 32 430
24 22 349
3 1 283
40 17 295
34 17 295
25 35 120
41 16 220
28 8 29
29 37 245
2 33 63
13 18 209
1 11 235
39 34 83
20 11 153
19 39 64
31 29 245
41 21 309
10 12 120
37 22 431
30 18 312
41 20 414
21 15 211
38 4 274
17 28 276
14 13 335
32 35 456
12 21 478
20 24 101
27 35 118
36 38 306
37 32 75
27 23 222
23 28 392
20 8 167
5 42 137
2 11 111
19 22 320
24 4 430
3 16 480
25 24 409
39 27 170
13 24 49
17 26 66
19 25 82
16 25 467
8 7 49
18 41 334
28 12 289
38 6 305
24 30 278
22 35 199
8 29 271
26 20 340
10 24 406
5 37 307
26 37 11
35 3 47
10 30 349
26 19 135
6 15 443
9 31 150
17 22 55
6 17 77
25 30 388
35 7 240
39 29 26
1 30 344
6 33 470
8 35 39
11 26 139
31 30 467
26 1 372
2 42 346
18 2 367
26 21 415
34 7 438
14 8 248
41 42 301
1 20 138
1 24 390
4 16 284
27 15 53
30 23 478
8 1 244
4 2 400
27 12 404
11 41 479
8 6 205
25 12 1
14 42 179
3 2 242
6 2 283
31 18 367
33 24 295
34 32 150
5 38 435
12 11 64
8 26 399
6 21 278
7 13 469
24 11 409
39 35 184
26 33 98
35 10 379
36 28 380
33 23 91
2 7 32
38 39 199
24 38 166
22 31 148
11 19 282
38 33 470
16 30 84
36 34 121
35 17 174
2 29 199
11 37 53
2 21 400
18 11 277
26 42 163
39 9 476
38 30 431
18 26 413
9 25 60
35 24 294
4 32 259
2 32 230
36 11 432
18 3 376
17 25 418
1 25 147
38 41 448
10 34 197
42 37 78
12 34 399
21 34 42
26 16 74
24 29 265
38 8 307
16 14 179
32 14 400
33 7 216
33 30 356
35 15 209
39 4 459
23 26 385
34 31 498
21 17 214
1 5 340
16 22 372
31 32 488
24 3 421
4 25 473
36 17 414
34 3 33
31 26 279
42 8 330
37 17 185
42 12 356
4 31 33
1 7 214
22 4 20
34 28 325
2 34 43
8 17 32
13 35 377
22 27 219
2 14 223
10 39 248
5 3 487
24 31 82
13 34 379
40 10 294
23 39 442
14 35 373
18 37 366
18 42 116
39 2 336
41 30 491
5 8 136
33 22 226
15 1 165
29 42 213
4 19 291
42 32 194
13 39 480
3 11 326
36 32 321
6 16 334
14 20 155
39 31 371
10 29 86
21 3 14
10 31 473
35 2 133
28 26 235
23 31 315
4 26 377
29 11 221
26 36 284
7 23 244
37 39 197
24 42 438
19 8 399
20 17 364
37 27 105
34 18 386
40 37 10
5 29 484
10 33 302
16 39 236
14 26 417
41 12 428
20 6 233
29 17 252
26 25 411
19 2 495
36 12 275
19 41 497
32 39 330
28 9 27
42 31 52
34 22 443
14 31 330
37 2 489
6 40 329
14 10 205
41 26 79
20 29 194
27 31 403
42 19 411
3 42 119
36 42 446
35 6 371
36 37 288
5 15 131
23 1 194
10 9 104
7 31 288
7 27 168
20 2 221
9 24 123
3 23 64
34 27 487
9 35 339
41 15 241
9 30 402
12 4 218
36 7 5
15 8 3
39 15 174
16 8 18
40 33 130
20 27 396
7 21 33
2 24 296
13 17 140
42 10 169
28 10 16
31 16 357
7 9 241
31 2 296
3 12 104
16 36 271
32 1 96
4 7 238
25 34 68
41 10 463
40 8 162
18 35 274
4 6 99
21 13 458
16 24 121
29 27 296
38 34 35
17 30 19
12 24 65
15 37 482
23 9 184
40 15 300
38 12 413
36 29 365
32 18 474
30 34 404
27 8 83
27 36 69
31 19 455
38 18 199
33 29 238
38 31 134
15 7 239
31 36 192
30 27 288
32 5 405
9 21 419
14 17 219
24 8 388
8 3 231
36 9 261
36 41 367
39 18 353
33 37 42
15 26 164
41 39 387
36 40 198
20 12 440
2 1 185
24 32 350
8 32 174
38 19 281
8 25 159
36 1 312
21 37 490
37 25 276
9 13 99
11 35 493
16 20 260
10 2 103
25 10 109
26 24 441
18 33 462
9 5 208
25 33 358
19 6 413
9 37 182
17 10 64
1 9 134
40 38 424
22 38 69
39 12 98
6 30 285
1 4 459
7 11 279
12 33 310
40 28 372
14 5 264
15 9 307
41 34 256
15 34 309
42 15 59
35 42 497
33 17 48
10 27 355
3 17 392
30 5 13
25 13 59
31 15 192
8 41 148
23 20 277
30 26 110
15 20 1
34 29 269
33 36 73
42 1 454
21 25 492
13 31 158
17 5 72
13 42 483
13 26 257
17 1 311
41 25 46
9 3 186
8 21 22
41 29 358
6 39 340
41 2 436
39 8 43
20 34 274
23 41 269
20 35 205
2 23 120
36 22 336
6 22 130
29 40 454
42 34 241
40 42 284
8 13 422
36 4 25
12 5 324
13 30 394
32 30 175
8 37 62
37 7 20
29 21 17
28 37 56
26 35 356
32 27 359
40 26 479
12 16 394
38 17 399
28 16 124
34 4 337
27 24 55
39 21 11
38 23 180
8 22 6
22 39 150
8 30 12
9 17 441
34 9 483
11 22 345
34 11 403
37 16 107
16 27 427
1 12 436
23 17 294
38 20 133
34 40 209
14 21 340
28 15 357
13 41 299
29 28 354
9 14 21
9 29 367
31 8 381
5 18 396
33 41 436
36 15 33
16 42 184
22 9 22
1 38 95
18 7 119
28 35 398
12 40 413
20 32 282
1 13 406
31 41 139
26 29 470
10 6 117
37 19 236
15 10 249
31 25 315
19 28 61
4 17 18
11 13 93
21 31 235
16 18 217
9 16 33
9 2 477
20 33 137
8 18 132
17 31 418
5 35 497
7 29 169
9 26 12
19 14 81
39 25 364
10 13 488
19 34 140
3 14 460
32 29 61
15 29 87
14 22 103
33 1 387
11 42 395
36 21 70
21 30 44
12 35 195
38 14 262
18 24 175
7 42 306
9 19 198
8 36 218
35 30 493
32 40 359
18 40 92
12 13 170
22 25 56
18 9 23
26 22 139
7 20 227
31 3 260
3 28 181
2 28 257
4 14 176
23 14 113
31 35 208
23 18 130
12 30 20
14 6 63
22 40 383
35 29 173
25 18 207
23 8 35
11 31 57
19 7 146
22 29 85
14 28 287
33 8 281
9 8 252
18 12 284
33 11 47
22 28 20
26 39 483
36 10 369
6 27 186
5 27 446
30 39 94
30 36 304
13 15 414
15 12 322
27 21 26
6 23 381
25 14 471
32 13 375
1 14 140
2 13 103
23 13 12
16 34 232
34 5 495
2 40 94
42 4 494
14 36 103
18 29 176
37 34 294
20 37 241
27 4 146
4 8 11
6 9 481
24 19 475
38 25 90
40 16 298
4 3 91
4 23 159
16 23 260
7 10 26
9 27 285
31 5 469
11 38 68
18 10 462
13 33 462
15 32 347
9 33 40
5 16 359
11 39 254
19 3 72
42 38 183
28 7 271
19 35 494
37 1 211
40 27 144
7 12 297
30 7 208
13 16 141
23 36 409
33 42 276
34 35 460
6 1 249
29 23 430
28 1 188
15 4 42
32 23 88
20 31 336
36 3 195
35 16 356
19 20 269
36 2 376
19 32 175
2 16 17
29 19 500
27 11 140
26 3 114
26 6 437
17 42 409
16 29 331
42 27 470
34 33 313
14 11 260
3 39 165
3 41 120
2 22 363
2 8 178
2 5 184
39 42 437
26 38 352
5 10 318
30 22 300
33 4 458
16 11 371
1 22 224
12 19 196
8 12 380
33 14 224
41 35 493
3 10 81
4 40 391
28 39 153
7 14 307
25 3 181
11 8 212
12 9 464
32 21 125
11 6 323
4 35 427
7 6 369
21 24 46
37 6 102
25 15 321
20 25 159
40 31 410
4 29 227
2 38 454
24 39 50
1 31 346
15 22 216
29 30 456
17 39 7
29 3 484
15 18 447
28 30 70
40 24 356
16 1 183
22 42 142
18 19 232
23 37 500
41 7 412
5 22 33
29 38 132
41 28 363
13 28 83
16 19 410
35 36 129
3 15 259
31 37 454
24 5 468
26 12 430
25 2 489
2 26 175
38 7 221
17 32 383
7 24 200
32 3 459
31 12 94
15 24 273
10 23 275
5 6 203
37 38 344
22 32 58
8 10 375
18 1 74
