810 47 42
23 46 305
35 43 349
19 46 184
18 33 164
25 35 189
4 45 93
31 42 487
43 16 78
16 3 101
4 25 256
15 26 395
19 33 394
12 4 254
29 34 195
32 27 70
1 13 115
40 14 300
42 11 195
27 16 303
2 28 332
10 18 108
17 14 61
9 21 112
25 5 251
42 37 428
8 30 89
44 30 114
19 11 434
9 35 485
12 39 35
11 34 195
47 12 142
20 5 278
28 12 332
7 24 440
25 46 181
3 25 286
46 21 414
38 9 220
5 10 212
47 31 86
22 13 6
24 42 254
39 8 394
35 42 449
45 36 241
23 26 74
36 11 220
4 9 389
39 4 42
44 26 116
4 43 428
36 18 4
26 18 429
28 37 134
40 26 343
22 42 437
40 27 303
35 22 343
6 10 434
16 2 73
44 19 409
28 20 400
15 16 367
1 9 170
27 14 61
21 35 156
26 30 360
7 23 366
3 36 286
26 24 261
5 42 463
14 42 133
40 21 113
18 4 382
21 20 233
3 34 470
9 2 251
29 8 149
13 10 154
33 17 78
16 13 222
16 34 82
41 4 142
36 5 123
13 30 441
33 23 156
18 15 181
39 22 72
15 47 459
29 46 431
17 37 399
10 31 340
4 35 445
1 45 275
28 22 466
7 34 266
2 8 235
47 20 495
11 2 493
19 1 490
18 27 240
4 46 397
31 29 494
36 29 404
16 19 172
41 19 449
3 1 216
44 36 401
31 41 304
20 36 446
36 40 306
33 39 259
18 6 281
31 43 393
45 24 328
42 2 250
37 29 77
12 34 75
44 7 184
33 3 135
36 10 448
32 9 499
36 13 325
28 4 302
26 29 121
8 13 289
46 41 5
12 13 301
47 3 164
40 45 84
3 30 496
9 3 95
14 13 343
23 8 345
22 37 6
10 3 24
1 33 254
16 39 99
32 28 463
32 18 84
4 14 36
26 1 218
33 27 20
18 45 441
36 14 500
34 23 172
6 17 297
40 10 321
7 10 33
23 25 224
28 9 11
28 29 433
38 25 391
22 8 4
47 10 464
43 45 336
3 43 397
32 33 329
32 4 165
33 25 301
29 30 322
39 21 61
23 11 145
39 17 241
7 33 479
11 30 36
33 44 359
9 14 378
26 38 429
15 9 149
27 2 29
41 22 459
43 6 392
46 28 441
6 40 222
47 26 253
9 22 378
13 24 442
24 6 169
34 46 469
40 7 377
38 44 415
28 45 497
22 33 333
34 41 63
39 43 362
38 6 25
37 4 306
23 18 410
15 11 405
2 22 271
22 17 191
43 19 414
16 33 484
12 1 159
8 4 172
3 27 256
46 15 74
31 28 461
18 31 264
24 14 202
37 25 359
9 5 296
42 43 94
3 29 340
20 32 470
15 36 100
21 23 324
2 24 228
16 28 430
13 11 420
35 29 397
8 12 372
41 43 403
20 33 69
26 10 374
23 13 301
7 9 55
31 6 81
42 19 14
25 29 126
17 27 141
35 17 116
42 23 42
42 41 303
40 37 21
40 41 347
18 28 495
17 19 257
37 23 85
17 40 107
8 20 221
23 15 436
35 2 274
43 8 367
40 24 305
42 4 77
11 31 405
3 17 345
12 44 260
42 38 418
30 24 404
45 25 37
26 14 252
10 24 435
5 24 131
29 44 18
20 16 147
15 39 178
17 15 37
40 39 368
9 6 18
10 29 471
36 7 99
42 30 397
17 45 282
1 11 236
39 47 385
6 45 64
38 17 271
45 23 234
7 29 202
19 24 500
12 35 394
4 11 7
39 1 135
41 27 441
34 15 15
24 3 401
5 47 92
34 39 171
27 34 247
31 13 95
18 35 447
23 39 491
25 44 114
46 27 209
6 28 172
40 16 211
18 11 447
28 41 170
19 6 372
45 20 92
28 24 10
15 32 46
27 9 142
46 5 201
13 34 165
21 17 453
45 14 252
46 42 2
36 22 493
47 35 63
19 14 455
43 46 409
47 17 422
31 25 185
31 16 234
42 8 259
47 40 202
24 1 44
43 47 317
25 42 286
37 47 236
14 25 198
39 6 341
20 1 343
12 5 328
28 38 454
2 30 347
1 32 319
22 30 194
1 18 168
43 37 41
19 38 366
40 34 318
5 32 228
3 13 306
34 17 221
15 31 487
29 1 169
41 11 430
25 40 259
47 29 301
18 39 37
19 20 19
6 16 266
46 20 129
20 25 294
39 3 51
47 42 106
44 37 291
19 28 442
2 21 288
38 36 259
44 17 267
22 38 235
13 5 186
17 23 121
18 24 322
24 23 291
34 33 383
12 40 182
15 37 38
29 22 247
18 40 162
31 35 118
6 30 416
1 2 381
2 25 358
44 42 239
39 32 42
30 16 247
40 4 467
2 36 331
14 33 21
14 32 397
35 20 181
17 43 212
13 40 316
46 16 278
43 20 412
24 9 378
28 7 321
22 1 13
38 41 290
44 14 26
35 19 487
34 14 244
21 43 13
47 4 465
34 35 394
38 33 395
1 14 2
1 38 361
37 5 58
46 30 405
44 21 452
28 11 245
30 5 102
25 36 373
47 21 42
4 10 463
18 12 281
5 44 82
39 36 379
18 16 399
44 24 94
22 46 302
6 44 424
15 30 259
40 43 160
24 20 37
2 10 208
21 1 300
11 35 108
4 21 272
42 45 99
41 9 382
45 34 234
9 36 275
32 25 12
32 26 445
7 47 242
40 29 79
1 37 377
40 42 425
1 36 203
44 8 234
13 37 243
2 14 343
37 38 249
11 8 41
16 26 178
34 31 359
9 18 294
13 43 452
7 20 494
13 44 329
2 44 389
28 47 301
28 43 270
8 31 59
34 32 374
40 3 88
8 6 424
30 18 287
39 11 1
38 40 10
47 41 411
25 9 223
14 30 64
47 44 226
14 12 255
13 20 491
11 32 225
7 42 482
33 10 209
14 43 362
36 33 319
22 47 411
27 35 210
8 21 370
37 8 162
31 1 245
15 43 234
32 35 363
27 22 119
11 3 94
7 30 232
11 21 331
45 9 203
15 42 337
37 10 258
34 10 250
24 27 199
5 2 72
12 27 80
30 45 71
7 19 424
22 12 10
10 44 148
1 44 55
19 12 110
15 40 202
3 22 270
41 33 404
4 26 303
24 22 98
9 47 245
29 5 308
13 18 64
9 34 215
7 46 248
30 4 40
26 35 93
38 14 121
37 7 360
21 12 133
30 47 288
8 34 42
28 33 145
32 46 138
3 28 422
12 25 177
25 30 73
29 41 43
1 28 68
26 46 202
5 16 334
4 20 245
43 7 422
19 26 313
10 23 387
34 2 240
22 25 60
46 31 264
16 24 500
33 45 27
29 32 484
19 36 239
30 9 190
24 39 239
27 13 278
15 28 432
33 2 266
2 4 410
41 17 381
20 38 294
38 35 278
6 29 232
40 31 318
33 30 461
3 14 55
16 29 225
43 11 287
46 40 291
16 17 32
35 46 255
21 7 235
13 47 472
29 21 461
37 45 30
23 22 344
31 19 46
11 33 173
3 19 376
8 38 252
46 18 285
10 14 194
33 13 359
32 40 429
6 35 354
41 1 359
42 36 461
3 38 373
41 5 483
16 7 371
5 6 89
26 42 348
37 12 326
18 21 24
36 31 254
31 21 185
39 41 390
41 32 396
42 32 162
5 22 263
8 16 171
14 39 427
35 8 257
5 21 381
30 19 29
13 42 41
23 41 397
22 14 479
29 24 322
36 6 98
13 39 488
15 38 198
17 18 292
29 38 373
12 26 105
28 17 62
17 42 469
47 25 368
21 42 103
21 15 151
47 18 379
38 7 332
10 20 48
25 1 192
23 2 46
8 41 151
16 37 283
7 17 237
17 4 418
21 14 296
19 37 450
39 7 314
39 27 201
14 35 173
41 3 69
19 13 24
44 45 319
7 25 250
19 34 24
45 21 26
30 32 317
37 27 391
17 11 357
20 2 102
1 5 282
20 23 313
12 2 438
33 47 55
23 38 328
27 45 78
28 25 77
11 20 397
30 37 281
10 39 222
40 11 292
47 2 403
18 20 286
28 26 151
7 13 308
14 23 495
17 46 153
28 35 386
34 26 63
13 4 18
21 27 343
15 1 51
44 35 258
22 45 111
3 21 376
16 22 239
15 24 51
27 19 413
46 9 239
10 46 46
42 10 498
17 25 373
14 5 14
23 32 150
6 46 296
27 5 113
13 2 420
24 31 383
40 2 419
2 29 369
14 7 198
16 38 475
28 10 398
37 14 421
22 20 226
13 6 493
15 35 409
35 24 301
31 30 71
36 17 269
44 32 64
27 10 260
29 11 53
39 19 394
27 7 163
5 26 405
41 16 68
33 35 329
31 27 36
19 22 226
15 13 455
42 9 264
23 43 122
16 11 233
3 26 436
37 36 225
35 36 53
8 36 114
27 6 120
11 14 146
40 1 137
33 6 126
3 45 190
25 6 385
34 28 97
19 9 241
13 9 133
4 24 326
1 46 268
6 34 200
14 20 443
5 19 106
17 32 265
44 43 86
18 2 285
14 46 293
35 45 35
29 42 51
1 16 122
2 17 91
4 22 284
46 39 319
31 38 337
27 15 118
45 2 475
39 20 458
45 10 258
2 19 135
45 47 219
9 8 29
12 6 392
12 46 65
11 24 25
35 10 480
27 43 163
29 19 299
7 6 250
14 28 295
29 13 217
2 6 230
11 9 243
22 6 85
21 13 291
26 11 355
41 36 256
24 38 20
7 32 292
11 5 400
26 22 420
27 29 335
43 12 253
36 27 5
40 9 121
26 21 219
20 12 243
34 25 455
4 27 50
5 43 57
6 41 441
8 5 90
9 29 456
38 10 190
15 4 294
23 5 85
22 15 471
11 44 431
13 28 364
35 23 325
3 6 281
21 25 73
34 24 374
26 39 481
27 23 170
21 16 408
46 38 86
10 17 83
24 43 219
27 47 164
20 30 360
32 45 355
12 16 396
41 45 281
39 37 171
16 35 244
8 28 420
40 44 236
37 6 233
21 32 436
2 3 89
37 26 399
31 4 462
29 23 462
23 44 35
31 17 288
40 35 388
15 12 494
28 30 342
22 34 470
42 16 413
19 8 60
41 2 105
25 41 277
22 43 244
10 21 129
6 23 433
31 20 189
29 43 181
7 12 126
45 15 295
1 42 414
40 19 253
18 7 129
15 8 319
11 27 234
46 37 276
47 46 158
37 9 452
16 25 252
41 35 75
7 35 150
3 7 197
22 18 5
31 22 34
32 10 460
44 9 20
36 46 243
43 2 176
5 45 127
7 41 170
18 25 421
47 38 139
4 7 347
32 38 52
7 22 124
1 27 45
33 9 193
34 38 307
27 20 203
8 24 32
12 42 322
44 3 44
34 47 349
27 28 334
46 13 159
38 39 94
43 9 38
37 31 466
