236 44 408
31 35 242
33 36 294
15 6 346
40 18 24
35 2 353
2 26 27
32 25 245
19 6 444
10 2 229
19 42 378
22 29 45
36 4 122
30 27 148
10 42 54
41 12 215
6 37 158
43 30 91
14 8 219
3 40 183
23 35 500
4 18 475
2 32 11
7 40 233
31 7 320
15 27 154
20 8 298
37 20 84
43 6 418
25 13 346
24 28 43
6 8 411
19 15 13
43 3 390
19 20 40
22 30 237
25 8 455
16 1 199
3 21 233
34 5 175
6 24 334
27 18 112
3 18 373
29 2 443
34 42 445
5 30 250
39 28 88
18 41 84
15 4 434
9 3 228
15 11 223
16 26 429
39 42 231
18 14 249
25 36 297
13 15 429
10 28 57
40 43 1
30 39 187
6 26 165
31 12 267
6 39 267
15 1 471
26 3 359
15 20 248
17 27 160
18 37 228
30 24 178
3 36 156
14 26 416
30 3 479
17 41 89
16 8 249
25 26 457
9 34 500
16 25 406
37 42 108
27 32 251
6 28 3
15 35 72
6 14 19
43 11 86
44 31 114
32 6 194
29 18 321
12 35 59
4 21 91
5 39 326
26 10 42
26 4 123
34 8 118
13 35 76
40 21 424
2 16 42
12 4 114
36 38 429
37 21 225
39 25 427
17 12 91
5 9 374
37 7 364
40 19 392
1 4 243
14 36 192
24 31 146
22 21 443
19 11 233
27 13 250
17 36 233
7 20 391
25 29 3
17 24 79
30 1 246
44 22 261
4 20 377
18 28 384
19 5 409
18 38 466
34 40 99
11 42 391
42 36 107
33 3 70
1 28 94
15 12 96
31 9 300
3 23 347
35 30 337
26 38 35
37 17 121
24 23 337
25 9 176
10 33 357
18 36 192
17 32 133
1 29 375
11 41 77
18 17 220
44 20 235
28 25 154
41 8 131
36 2 468
19 16 208
6 33 130
12 40 409
11 13 436
27 3 178
34 28 353
22 15 110
36 23 352
40 2 203
13 12 240
29 23 406
28 2 339
14 41 399
30 7 148
31 26 80
32 38 52
33 43 111
41 20 407
27 41 133
33 23 311
13 4 374
16 24 269
10 24 233
35 3 277
7 33 164
7 11 406
24 33 230
5 37 214
39 27 151
40 38 122
18 13 246
5 42 79
44 42 372
3 2 371
23 8 13
32 35 113
22 34 387
35 25 1
23 21 414
44 19 474
21 44 52
7 16 228
28 5 204
1 12 223
22 3 114
19 7 226
17 7 379
26 5 102
41 4 405
13 22 294
42 41 495
24 5 391
24 38 136
16 3 216
6 21 235
29 4 306
33 22 124
31 34 446
9 2 366
3 41 145
14 31 82
7 24 123
5 11 81
13 1 149
44 6 123
34 36 485
42 15 19
20 16 208
12 26 128
42 3 101
32 16 494
41 13 353
33 19 215
30 31 41
41 24 430
38 33 284
36 8 276
34 33 214
30 10 80
29 34 224
32 24 119
35 16 298
6 4 119
42 27 18
15 2 62
26 39 441
24 8 249
26 8 442
20 27 300
40 42 273
12 25 356
20 40 33
29 3 467
21 17 10
43 16 334
22 37 272
