473 44 427
27 19 128
37 14 294
40 9 32
9 33 373
11 25 189
35 9 7
33 26 414
17 27 496
17 23 434
1 11 372
2 15 86
36 25 230
30 2 342
9 22 213
31 26 389
18 28 142
30 37 286
33 20 158
8 37 178
40 16 234
14 35 299
13 31 328
34 5 5
4 8 68
37 10 159
4 23 86
13 4 311
33 30 440
31 8 135
7 2 380
38 12 366
16 10 44
28 33 342
30 21 377
23 37 13
3 11 33
33 11 444
38 44 452
8 5 418
43 6 262
8 11 58
18 38 12
9 6 184
27 44 372
12 42 324
36 42 470
12 30 152
23 15 334
10 8 179
11 14 381
21 44 8
4 6 53
28 32 97
7 30 295
18 8 374
5 20 468
40 3 308
12 28 261
8 34 166
9 32 7
36 35 450
2 11 329
36 7 256
1 34 470
7 25 162
29 16 59
13 35 241
25 16 155
18 22 210
44 7 22
4 14 147
18 2 429
22 35 64
8 36 49
33 41 202
19 3 455
2 34 488
27 42 237
38 8 310
14 25 41
7 22 372
36 18 258
17 13 481
23 39 351
14 19 193
32 1 392
16 5 97
37 25 211
12 22 196
9 44 269
14 27 366
43 17 103
14 17 248
32 22 424
9 42 326
1 13 82
26 36 384
7 8 238
13 39 204
18 31 20
19 34 318
30 16 296
42 11 213
31 32 254
20 4 162
38 26 94
6 19 431
25 10 399
42 30 134
14 42 242
24 26 66
29 32 343
25 23 299
18 30 105
12 21 360
14 22 19
2 43 477
32 14 179
31 4 416
43 32 91
16 15 196
10 5 123
36 14 415
18 6 18
8 3 361
35 8 469
14 40 217
25 18 211
29 31 27
10 2 154
42 24 403
5 37 128
44 19 459
13 16 433
42 25 336
44 29 162
43 27 97
37 15 42
23 27 164
7 5 75
6 11 362
36 19 63
7 16 223
40 8 225
21 19 386
34 27 133
37 6 66
12 17 25
30 41 104
41 39 164
43 3 76
9 36 414
34 17 443
3 21 20
24 21 250
16 1 387
44 10 256
11 35 205
8 6 237
22 16 443
4 22 134
12 3 459
16 18 456
10 41 239
42 3 65
26 41 148
17 38 132
22 3 339
5 21 198
32 37 9
25 33 312
38 6 469
42 7 54
7 35 386
37 12 43
13 33 144
21 34 110
23 11 268
39 18 196
11 24 359
38 37 101
16 21 164
37 4 300
24 6 418
2 9 442
28 41 118
12 33 199
3 44 91
9 18 163
1 37 186
12 31 483
6 36 30
6 44 51
32 38 276
35 26 176
26 42 245
21 11 487
24 23 219
13 40 488
37 41 267
22 11 278
23 7 444
21 15 280
2 35 171
26 22 390
23 8 63
23 34 422
25 20 40
1 25 306
43 31 283
13 2 254
9 31 218
8 26 331
32 8 327
10 43 173
21 17 120
34 4 155
24 30 3
34 18 61
15 4 170
35 32 142
6 30 143
1 44 127
38 42 17
41 15 164
44 18 477
30 44 43
31 17 229
21 33 99
19 38 140
17 32 454
16 43 261
29 23 189
8 44 316
40 12 345
38 36 140
8 2 432
14 44 105
5 26 175
24 10 112
4 7 449
44 43 467
5 9 358
12 24 58
28 26 65
35 15 387
20 34 95
8 33 6
29 30 146
41 5 259
28 43 254
20 37 335
39 20 482
7 6 248
14 33 123
22 40 480
38 14 18
4 36 245
19 25 165
36 37 217
5 11 417
20 40 30
32 21 5
42 20 268
23 1 467
37 24 174
7 40 14
6 1 264
37 2 335
18 37 228
39 17 20
23 41 135
12 27 115
21 29 168
30 25 385
32 5 468
21 14 469
26 4 374
1 33 451
2 14 214
32 30 442
1 30 191
28 1 352
7 20 188
44 4 61
28 4 119
22 2 26
24 34 84
25 22 358
13 24 352
34 7 333
15 20 464
17 18 369
37 3 414
42 41 174
25 26 303
6 2 318
28 15 100
36 40 274
17 40 378
25 35 334
33 7 297
19 33 484
41 44 251
10 1 36
28 27 320
35 29 23
32 18 89
4 10 458
1 43 189
16 24 283
37 13 438
29 5 446
28 31 164
28 22 461
41 34 16
4 18 479
5 14 439
26 3 25
35 12 324
12 15 180
29 13 118
6 21 61
30 26 67
43 25 211
37 16 453
41 35 91
8 15 427
31 27 199
10 11 220
7 17 483
44 20 139
31 19 8
4 29 362
2 23 240
26 13 86
18 33 128
19 11 175
14 9 55
8 29 58
6 13 393
15 34 427
10 33 283
42 37 61
22 42 109
28 3 330
14 30 420
30 43 135
26 19 12
13 11 269
40 11 49
25 27 198
21 28 212
42 23 213
2 19 378
19 22 381
13 41 347
31 20 100
24 3 40
33 37 363
19 7 346
35 43 239
38 1 247
41 1 7
34 42 188
23 18 251
28 5 250
11 12 439
3 17 166
34 10 120
9 20 36
16 27 210
28 11 133
5 35 147
31 7 83
36 33 29
19 8 339
17 28 377
7 13 69
3 27 348
32 36 7
40 37 168
38 13 469
44 31 25
15 24 261
41 32 432
2 5 137
12 1 295
39 27 18
41 8 171
23 13 478
23 33 199
6 26 487
30 3 78
41 9 225
10 40 381
26 10 434
21 37 134
26 21 197
38 43 361
18 27 197
11 9 144
24 8 430
1 5 362
13 9 183
27 10 63
7 12 324
15 11 65
28 20 181
5 33 478
30 28 3
34 11 322
39 11 373
21 9 114
3 15 191
24 43 489
28 2 329
10 31 231
3 35 454
12 14 114
6 32 338
16 4 181
34 12 63
3 9 38
19 13 234
18 40 271
14 10 404
10 30 481
2 40 378
20 22 281
26 11 46
33 16 12
18 1 152
15 40 490
3 16 376
22 30 159
25 17 81
4 30 479
36 22 14
42 43 463
29 34 133
43 23 396
38 10 489
3 25 280
25 29 374
26 23 21
7 9 272
29 28 107
41 12 383
1 19 438
6 25 357
23 6 53
33 22 33
5 44 280
26 27 429
17 41 125
14 16 22
44 36 430
38 30 192
10 15 420
6 3 397
30 20 365
12 29 465
25 38 397
2 25 349
7 11 227
24 9 147
8 28 230
31 23 312
6 35 102
43 9 289
14 18 145
12 18 2
