258 46 12
25 34 165
8 31 203
9 14 326
40 15 421
11 21 80
15 20 498
29 17 408
29 39 9
28 20 380
44 28 81
11 16 469
45 22 136
16 15 346
35 45 279
18 45 290
22 11 126
36 42 36
37 28 197
36 9 243
29 8 174
26 33 192
36 8 12
12 36 26
21 5 117
37 31 185
35 10 228
5 36 10
44 15 196
8 30 381
38 21 205
40 17 18
39 45 489
38 36 388
40 23 433
45 42 269
2 40 229
28 9 270
22 36 342
32 3 257
42 41 115
41 8 228
34 4 208
14 21 238
23 30 170
16 14 249
24 1 32
11 23 268
13 1 73
25 20 299
19 3 117
6 35 55
46 13 323
17 14 496
8 34 213
45 7 421
3 41 500
1 30 207
23 18 496
30 18 218
7 37 211
1 42 306
4 13 301
34 33 252
16 7 229
3 18 231
14 29 184
46 6 30
43 28 83
10 6 51
9 11 268
5 19 25
6 14 313
32 29 300
38 44 240
36 18 423
23 13 422
5 30 255
16 31 275
33 14 220
37 10 438
25 33 61
38 2 423
2 35 280
3 35 421
12 32 100
38 27 442
30 45 468
27 44 447
44 9 323
41 9 20
15 14 143
9 15 395
19 16 291
5 33 70
27 8 454
11 3 279
16 21 230
3 13 221
32 39 35
37 25 121
20 5 392
12 2 36
28 3 303
8 5 294
18 8 170
23 19 446
4 7 10
4 30 470
12 21 184
14 43 4
12 29 15
32 45 384
3 46 123
23 16 158
18 22 338
36 40 144
30 19 370
38 15 361
45 10 46
33 29 97
8 40 152
10 39 36
13 40 263
5 31 476
26 4 12
14 31 360
34 17 24
5 44 15
4 14 398
14 36 210
19 40 449
23 45 368
22 44 274
21 4 41
14 28 139
44 36 422
44 25 210
14 23 425
13 45 81
33 46 186
16 6 90
14 45 350
25 8 483
43 30 28
32 2 166
1 23 55
9 45 324
26 1 394
6 12 9
1 5 462
10 15 13
35 18 369
31 41 457
21 36 348
6 20 41
24 10 359
43 13 416
17 26 401
34 31 155
14 41 112
26 41 468
3 7 370
4 27 22
36 4 460
5 15 185
14 19 125
23 28 489
46 32 366
10 11 173
23 37 442
32 28 332
5 38 201
1 29 465
25 27 351
18 25 428
27 46 117
15 28 268
44 33 292
23 29 82
22 43 118
43 16 121
17 30 232
26 10 483
46 30 329
46 5 170
23 36 150
29 13 334
23 42 51
27 35 398
36 27 493
1 38 228
43 6 360
34 45 367
15 27 344
23 26 345
21 10 160
2 5 280
2 30 38
10 43 432
35 4 8
41 16 98
1 16 152
7 30 91
44 10 239
4 42 66
29 43 113
24 28 95
36 33 466
45 43 401
26 21 123
18 34 270
20 26 376
6 11 479
39 38 469
16 12 359
39 22 364
19 31 498
35 29 161
20 40 17
5 42 281
36 37 489
39 6 483
46 18 352
19 28 475
41 10 397
19 45 180
22 30 12
7 39 275
28 1 296
15 4 24
33 2 7
19 24 23
1 12 10
40 6 373
46 10 238
1 8 329
4 18 233
9 37 173
10 23 112
6 5 202
43 23 206
12 40 62
26 24 264
2 21 317
42 37 500
23 27 23
28 33 338
12 44 178
16 24 196
11 32 294
21 40 14
23 35 156
45 38 94
26 38 156
3 42 342
40 35 417
13 16 469
16 5 313
