1035 46 268
37 18 134
43 13 288
21 33 46
10 23 86
15 17 271
27 16 356
25 42 50
39 13 205
2 23 337
33 40 484
18 28 455
18 27 236
14 43 36
21 40 201
19 34 240
25 14 237
10 29 267
3 14 29
8 25 215
21 18 196
14 37 399
4 6 267
42 20 499
1 32 488
38 30 234
13 23 34
46 41 277
27 34 132
39 46 471
33 17 176
27 42 392
26 38 479
25 4 151
27 45 258
30 2 27
14 29 306
26 33 186
42 23 428
1 15 258
23 37 56
8 24 404
42 40 7
28 8 430
36 19 140
14 13 3
21 35 282
6 26 208
20 37 451
21 24 17
41 27 191
46 7 495
45 36 425
18 45 458
28 35 61
29 9 126
23 4 214
44 28 329
4 21 285
22 35 219
3 30 488
38 19 262
15 45 397
37 41 449
41 13 180
1 39 384
11 15 457
29 18 378
30 35 397
45 2 154
20 17 339
10 20 247
27 5 12
33 30 262
29 31 121
41 24 187
19 37 272
3 18 337
22 42 316
20 19 331
25 10 44
16 37 39
5 15 464
4 44 376
15 44 374
44 26 188
12 2 409
38 2 218
46 42 434
33 46 424
35 4 159
19 15 154
11 46 453
6 12 332
43 5 335
9 27 70
24 33 2
26 11 435
33 44 473
32 21 376
35 31 35
11 10 233
40 25 337
45 11 386
19 43 136
29 38 411
23 35 90
3 28 436
22 11 41
36 30 428
44 24 484
42 45 175
37 5 187
10 5 267
42 28 447
46 3 89
24 13 23
13 5 320
23 26 443
31 19 172
8 17 364
25 17 255
23 1 280
22 1 17
40 45 89
30 41 392
14 18 196
8 18 322
39 21 324
19 25 463
34 26 453
2 28 476
45 39 103
34 21 386
43 23 30
45 30 213
28 5 378
14 2 355
1 34 217
24 38 225
43 22 178
40 36 306
27 29 183
12 30 233
41 28 276
8 16 155
36 6 449
27 12 35
1 44 75
18 38 365
39 44 56
4 11 298
3 23 10
20 1 346
39 38 203
33 6 224
17 30 180
11 38 34
39 36 43
3 38 268
44 46 377
35 17 244
12 28 82
46 21 365
11 27 100
21 15 9
10 22 129
33 18 39
33 9 152
27 7 118
2 33 497
38 41 215
31 26 77
35 18 479
37 8 182
33 31 303
39 4 394
26 29 334
37 22 105
30 37 164
41 36 314
11 20 247
36 28 289
34 37 132
31 1 120
13 22 276
39 10 116
29 8 79
24 32 383
31 42 152
38 32 49
43 38 187
17 14 374
22 25 433
4 28 336
38 37 128
36 14 118
28 45 411
18 24 71
1 8 298
3 19 318
40 44 179
1 7 477
2 34 177
7 29 405
37 21 289
46 30 189
44 18 89
4 24 24
17 37 464
28 10 107
27 37 408
20 5 358
16 41 136
25 34 94
28 15 14
13 10 299
19 42 478
31 44 68
34 4 8
11 44 185
30 10 146
16 35 137
31 41 474
27 22 273
36 32 91
19 12 229
23 29 258
29 45 253
43 10 220
39 31 326
25 6 459
22 18 134
20 33 246
45 37 476
25 41 399
16 7 185
38 17 4
45 26 357
37 33 329
31 9 298
2 42 249
2 9 126
18 43 362
5 45 26
24 20 344
42 6 180
35 37 164
13 40 83
2 26 197
22 41 270
10 18 387
3 7 17
7 33 60
22 12 53
23 20 351
5 30 357
10 17 141
12 23 130
39 25 8
1 4 442
9 43 375
16 15 442
10 15 158
16 46 179
21 44 419
36 13 485
12 4 24
44 14 313
13 6 46
38 14 316
21 16 495
26 9 376
10 4 77
14 5 372
38 36 263
31 15 120
8 42 483
11 33 131
25 1 249
12 20 492
29 41 348
38 1 279
8 39 323
6 1 92
3 25 39
5 32 89
45 3 302
24 17 281
20 30 23
10 14 495
22 39 339
12 11 473
23 15 263
33 16 115
26 37 342
26 24 278
5 42 119
12 46 335
22 15 303
4 31 72
2 43 427
27 30 74
43 6 349
4 22 487
9 18 356
7 6 428
35 29 378
2 19 130
27 1 145
6 28 105
9 12 285
40 35 44
18 46 315
33 36 67
16 31 381
2 44 447
18 39 216
2 41 72
45 35 107
27 15 275
19 32 172
24 12 17
6 34 227
41 43 209
9 28 490
42 4 21
21 12 208
29 16 19
19 28 250
1 46 273
35 25 415
33 10 204
31 36 368
32 8 351
41 10 336
44 22 107
40 17 197
21 6 386
24 2 75
13 29 483
24 39 100
24 9 432
46 35 33
4 8 147
4 17 223
37 9 190
15 24 104
25 44 75
15 13 244
9 7 269
43 32 142
14 46 303
26 1 192
30 18 387
14 39 341
14 7 153
37 32 239
33 43 450
20 8 443
29 4 213
36 20 436
23 16 324
45 34 256
26 8 473
29 42 207
11 29 498
2 17 211
39 9 76
33 13 294
1 24 348
44 10 104
10 24 423
10 26 455
23 41 237
10 38 77
15 30 428
4 3 419
31 8 315
27 19 432
10 19 211
13 3 358
7 17 454
22 8 79
8 14 285
34 42 222
42 18 255
25 24 214
26 42 390
29 12 461
6 39 156
14 33 234
34 7 411
4 13 430
20 31 269
17 16 273
25 45 353
14 32 276
19 45 155
32 41 76
19 44 347
6 31 15
13 1 421
32 42 450
24 46 30
12 16 268
28 46 448
7 42 380
17 5 337
7 35 450
39 26 411
7 24 347
11 17 400
23 36 327
8 9 41
30 6 496
1 42 127
12 41 163
29 21 386
3 16 279
16 6 65
2 40 483
11 28 405
27 40 193
16 25 74
15 4 484
26 17 185
37 7 258
40 20 172
31 22 176
21 27 466
21 5 463
5 23 445
37 13 393
18 31 188
25 37 456
37 39 25
4 5 256
41 6 488
8 27 174
45 20 440
16 9 428
32 29 103
17 23 113
37 28 13
8 44 246
17 44 47
1 43 259
38 4 67
4 32 135
32 34 391
7 12 15
39 33 79
41 45 391
14 42 251
45 44 292
16 40 258
21 45 413
13 35 330
27 26 479
39 3 296
32 31 480
34 8 91
38 20 36
33 25 34
1 16 275
30 29 406
5 36 172
46 20 444
44 35 270
35 5 265
31 25 159
42 43 271
34 31 451
46 9 5
38 27 349
13 32 488
25 43 78
11 34 443
30 11 385
27 10 422
26 35 302
40 6 442
28 7 296
5 9 468
34 15 264
2 16 327
44 7 429
1 17 423
20 27 109
24 35 126
10 16 136
18 17 219
21 23 481
27 3 99
12 18 131
12 14 235
6 24 61
27 32 446
25 29 416
36 34 235
38 21 17
44 30 46
44 13 394
23 34 307
13 17 392
19 41 185
14 28 52
18 41 162
30 1 207
32 17 463
22 24 216
44 5 87
20 26 69
20 3 87
41 34 50
35 36 292
3 9 497
32 20 66
12 8 49
41 5 276
1 36 475
34 16 176
23 45 247
11 3 109
13 42 298
19 39 365
30 21 289
22 17 54
6 38 125
21 3 350
21 20 343
14 26 105
29 34 122
31 30 120
14 15 429
15 41 225
39 20 163
21 26 106
21 7 215
13 38 175
43 12 362
34 24 294
22 33 328
40 4 1
37 36 40
43 7 18
18 15 6
34 39 313
29 15 307
44 6 316
17 9 248
16 13 225
28 13 166
46 8 57
19 17 281
31 37 361
46 27 192
27 4 472
20 7 342
20 34 61
38 16 486
13 21 241
23 44 209
8 21 456
44 37 416
30 24 256
42 37 340
34 33 67
27 44 500
18 5 50
46 10 358
43 17 85
37 2 162
40 26 223
15 3 395
21 25 370
14 21 310
10 37 199
9 19 158
28 30 30
40 41 349
39 30 125
10 40 186
38 7 391
11 42 133
39 35 136
11 35 46
24 23 241
39 28 451
20 13 113
16 45 7
7 36 107
43 39 425
31 28 314
7 41 497
7 45 469
31 13 497
35 19 124
34 46 5
29 33 53
18 36 270
37 12 377
19 30 76
40 46 423
13 8 373
9 21 289
16 42 452
24 14 65
20 35 90
30 40 160
1 5 457
10 6 315
5 31 352
8 5 454
11 24 199
13 12 274
29 24 344
32 39 489
3 29 91
31 17 480
43 8 59
7 26 225
3 32 439
29 46 281
34 9 81
43 20 140
5 7 431
4 2 297
30 8 262
8 11 387
19 29 243
10 12 14
17 21 446
26 3 142
43 37 117
14 31 96
26 16 348
36 26 36
5 22 221
4 7 408
41 9 244
1 45 381
3 10 477
43 11 386
27 13 2
14 35 130
3 5 478
46 31 27
35 41 81
18 1 220
45 31 219
29 36 457
43 21 239
20 15 106
15 39 91
9 40 162
28 33 276
10 42 311
17 42 187
38 31 319
30 14 178
44 43 447
29 6 456
2 32 171
22 2 432
23 46 116
31 27 48
20 28 479
30 23 479
3 33 421
25 5 430
20 41 26
32 6 258
26 12 459
36 16 264
35 1 221
19 7 29
46 13 254
44 34 161
3 41 446
19 40 472
5 11 80
18 19 171
35 38 403
35 33 455
8 23 361
11 31 328
35 3 429
36 21 85
26 22 192
12 34 293
30 25 22
28 43 207
16 43 466
44 9 120
45 12 361
5 38 254
33 38 441
3 17 417
43 35 31
23 18 371
4 20 87
42 9 141
36 42 131
11 13 204
42 12 89
37 1 313
11 16 55
46 19 443
46 26 262
5 19 56
43 27 157
4 16 450
24 5 31
11 6 306
36 4 227
7 31 364
32 9 6
3 36 46
39 5 155
46 2 236
32 25 278
26 41 141
30 43 499
7 2 154
3 22 122
33 42 497
44 41 202
16 32 190
9 15 259
40 1 492
25 27 201
13 30 4
4 41 419
45 9 465
10 9 132
16 44 239
2 27 23
7 13 273
13 45 120
35 42 123
39 41 220
15 35 421
15 12 225
6 9 416
15 43 295
35 8 301
14 22 121
9 36 8
2 39 140
8 2 260
42 38 123
32 40 108
13 18 326
26 18 313
26 13 391
36 24 194
40 37 434
36 2 107
7 8 343
46 6 280
37 11 60
43 26 208
24 28 388
3 42 355
14 23 252
14 1 252
24 19 80
16 39 287
11 32 490
38 25 344
9 38 70
19 6 246
40 11 25
11 21 95
26 28 151
28 40 300
14 40 41
30 34 451
17 12 339
13 25 376
36 43 465
45 8 132
29 20 333
46 43 373
34 35 95
32 33 486
34 38 116
42 21 478
29 2 74
23 7 198
29 1 437
46 5 397
16 18 458
12 39 155
31 12 444
11 18 93
35 2 299
45 6 424
12 40 490
39 42 249
1 9 286
29 40 57
25 26 390
12 5 101
19 26 261
11 9 492
27 36 342
12 33 254
41 1 256
1 3 304
36 12 108
23 11 154
28 38 36
20 25 203
35 6 152
33 8 127
6 15 159
19 16 87
32 35 146
38 12 496
31 21 54
4 33 134
46 38 305
2 3 495
11 1 278
8 40 203
22 6 357
19 21 420
23 27 368
8 36 220
44 3 154
24 42 220
18 4 93
12 1 197
23 33 328
32 7 216
35 9 309
30 4 94
44 36 296
19 22 91
34 22 361
9 25 67
31 40 64
35 12 131
46 4 38
11 36 392
15 37 209
23 39 247
7 22 482
3 12 107
33 1 222
28 16 388
10 34 354
19 1 262
37 29 463
37 6 266
18 7 291
19 33 112
15 40 193
20 2 224
46 17 195
20 14 197
27 39 307
37 24 24
34 40 355
39 17 356
6 23 403
10 36 287
19 23 170
4 45 70
22 16 164
4 9 415
43 40 9
7 40 232
37 3 368
44 32 25
5 26 139
34 13 438
10 45 10
39 7 164
33 45 301
26 32 53
9 30 443
14 19 112
46 25 162
26 15 264
22 29 251
6 20 216
1 21 282
32 18 382
41 11 140
9 13 320
28 1 318
24 40 63
26 4 169
43 24 157
5 33 96
6 8 455
22 21 455
38 45 305
25 28 175
4 14 337
36 15 368
18 2 124
43 31 436
24 31 312
27 14 237
33 15 25
32 46 89
21 41 167
44 12 402
24 3 304
36 25 27
42 15 134
2 5 235
25 7 349
40 38 181
14 9 183
14 41 97
20 22 157
36 22 319
10 32 241
3 6 411
14 16 354
36 17 476
13 2 304
6 18 236
15 38 23
16 5 197
43 45 170
4 43 23
3 34 394
6 2 316
7 15 310
31 2 476
18 34 237
44 20 80
27 24 311
12 32 451
28 17 447
20 16 8
30 22 58
44 38 101
31 3 265
11 2 255
10 2 48
32 15 118
46 45 263
28 34 190
18 20 224
39 29 70
16 30 56
2 1 411
31 23 133
10 35 484
25 2 94
3 40 199
37 4 480
40 22 458
27 17 114
32 22 228
45 24 75
11 19 285
25 23 328
43 29 188
38 8 13
11 25 453
15 46 381
8 41 328
36 46 205
40 18 483
23 38 263
23 28 477
6 5 478
46 22 33
4 19 78
9 20 56
23 9 326
45 17 8
27 35 280
44 42 289
2 21 385
29 17 171
17 6 159
18 25 91
27 6 169
13 19 490
41 33 250
29 5 187
34 43 73
11 14 321
31 10 239
23 32 282
28 32 323
41 42 231
22 9 83
10 8 461
10 21 131
27 28 5
16 24 436
14 45 150
3 8 295
11 39 431
19 8 136
12 25 171
43 3 426
30 7 43
5 40 135
15 8 337
27 33 36
37 46 399
29 28 258
45 22 237
6 14 419
15 25 180
2 15 290
41 17 327
30 42 278
23 22 280
10 1 102
23 40 421
30 32 162
34 14 275
17 34 348
29 44 21
26 30 95
32 45 272
22 28 212
34 5 229
10 7 196
22 38 306
28 21 449
39 40 460
7 11 342
