540 47 13
40 36 185
19 40 311
15 43 190
14 30 272
10 1 352
6 42 40
1 32 173
5 23 268
44 22 288
41 27 440
29 26 417
34 16 65
42 47 105
17 46 382
24 1 389
44 9 178
10 37 466
8 5 248
35 20 64
16 30 23
21 39 278
15 18 104
42 22 187
12 40 44
7 37 23
17 34 488
8 15 379
40 34 198
31 44 471
13 12 358
16 13 350
24 8 183
41 6 92
27 8 348
34 2 181
21 44 17
29 45 140
9 24 438
38 4 238
37 46 459
38 9 270
1 22 264
21 34 232
40 10 164
39 41 268
4 26 377
41 43 124
1 26 92
33 39 396
13 26 157
4 2 379
20 39 258
7 34 401
13 37 479
45 28 346
20 18 41
36 39 181
5 21 35
21 11 380
18 44 99
20 37 108
3 5 76
40 8 20
28 25 145
23 40 313
40 13 345
15 19 236
14 9 105
21 32 13
38 7 195
46 42 261
47 41 427
20 25 79
46 26 81
38 17 53
38 25 244
9 33 310
3 30 296
12 22 52
18 45 161
6 37 186
19 6 370
1 19 106
47 6 157
13 31 9
38 46 177
6 43 473
31 8 194
35 8 97
29 23 385
29 21 31
5 19 229
37 3 478
42 19 187
22 29 429
42 25 178
23 22 228
36 14 352
21 13 255
24 33 260
19 32 158
30 45 310
9 45 21
20 43 148
18 17 498
46 34 39
15 24 452
31 21 434
5 30 146
9 17 133
11 37 281
22 24 121
31 14 281
30 42 186
20 13 476
30 33 496
33 17 328
38 31 391
17 7 196
9 21 392
15 35 350
9 6 103
22 36 89
29 1 474
45 8 344
37 8 488
7 42 378
5 34 179
18 39 44
44 19 273
38 29 287
32 28 391
24 44 311
3 43 221
27 20 381
4 29 6
34 12 155
47 10 49
19 20 195
22 32 33
23 2 179
7 39 270
9 30 23
3 15 344
42 36 25
35 1 285
19 28 419
27 1 113
47 33 452
36 32 394
34 43 209
26 16 320
36 24 330
1 11 183
33 28 123
16 10 432
34 47 355
46 33 472
28 29 377
37 19 256
14 22 393
28 11 81
12 7 98
23 4 98
3 1 499
11 25 189
9 16 18
20 42 343
14 25 354
24 20 315
42 10 259
31 6 496
13 33 282
21 28 62
13 2 2
29 44 441
6 34 334
45 23 97
15 29 350
3 36 222
44 10 381
18 7 12
42 1 151
45 35 479
30 17 481
12 18 336
27 34 436
25 12 397
23 6 194
21 37 3
39 13 247
1 12 157
6 36 396
5 42 490
43 10 39
41 45 166
12 36 480
35 14 356
9 22 397
24 10 307
3 21 335
46 40 444
30 39 255
22 8 124
24 39 242
24 32 388
31 32 482
26 7 161
27 10 411
34 11 333
10 13 229
31 4 391
43 28 62
24 2 298
18 42 223
46 21 268
10 9 12
5 17 342
25 9 107
35 7 134
16 21 435
23 39 258
41 9 210
6 2 187
46 29 433
6 32 54
38 30 276
4 42 440
15 26 113
35 22 416
10 4 342
42 21 414
47 13 5
31 37 151
7 9 120
27 6 129
3 20 160
18 43 83
17 15 77
2 37 229
26 23 81
8 12 478
9 27 27
27 25 13
14 20 336
24 3 323
37 34 264
42 45 353
14 8 66
30 24 416
34 4 300
8 38 235
29 25 281
47 36 378
33 21 258
7 27 179
44 16 80
47 45 48
7 36 176
40 44 309
10 36 423
39 32 102
25 46 78
35 42 257
4 14 194
3 13 314
20 1 336
3 12 477
7 11 50
11 22 266
34 31 98
23 12 317
16 33 333
31 15 383
3 10 476
31 5 88
19 8 174
34 22 90
27 2 173
35 47 257
31 43 146
27 28 46
18 30 186
16 20 321
38 24 147
17 14 446
27 37 91
20 10 208
21 20 408
36 16 326
14 37 299
11 46 303
30 46 303
40 26 208
21 41 268
4 27 19
10 25 439
15 42 447
5 41 245
34 30 123
21 35 248
17 47 424
5 32 37
28 41 478
39 46 128
32 23 115
44 1 441
10 39 370
31 28 107
41 23 260
23 42 135
16 8 428
11 18 175
5 35 331
20 9 329
36 27 404
47 30 472
23 36 339
6 38 192
46 3 353
27 26 227
16 47 494
33 6 65
29 24 264
34 18 430
39 17 17
2 19 491
9 19 448
47 25 353
38 47 347
6 22 138
28 8 22
5 36 453
18 6 382
24 13 115
44 11 328
2 11 319
3 45 475
14 27 480
15 5 268
18 28 134
20 46 450
45 7 223
23 21 226
18 38 132
31 29 408
20 7 272
25 5 208
33 22 459
2 18 402
32 27 478
18 46 433
34 19 333
35 33 472
37 47 238
12 44 437
38 34 461
15 22 94
35 4 200
10 41 201
32 47 166
22 5 73
13 8 56
36 37 309
47 2 50
38 32 497
25 40 385
31 9 128
9 35 267
16 6 392
13 29 221
44 37 325
14 33 245
38 15 292
37 18 211
27 40 213
4 39 280
12 9 75
2 39 423
8 2 440
20 33 249
23 7 80
41 11 220
33 42 330
16 32 83
16 42 488
3 47 115
40 37 489
1 7 18
33 36 481
12 24 281
8 23 14
21 24 31
33 43 378
2 10 143
19 31 245
8 30 99
32 30 321
45 14 268
40 14 83
27 22 54
2 5 249
31 2 395
14 6 43
27 18 309
7 21 127
19 36 497
6 10 401
16 3 392
26 21 142
11 16 275
9 11 127
12 38 51
47 15 489
36 41 157
17 28 175
11 12 273
2 44 284
43 38 494
3 27 351
46 12 29
4 15 88
44 43 12
26 36 24
17 16 67
43 2 68
17 32 354
2 25 307
11 6 321
20 11 287
23 28 225
17 11 134
5 9 132
30 28 332
46 32 306
12 31 238
11 3 85
34 42 303
19 25 252
46 44 365
31 26 65
26 33 468
27 30 492
21 47 341
16 23 327
16 43 346
6 21 217
22 39 100
28 1 433
28 24 21
46 1 326
30 41 83
39 43 281
39 14 128
24 18 113
5 4 283
3 9 171
16 1 499
1 45 213
31 27 80
41 32 31
21 10 145
1 36 389
7 6 263
35 28 358
2 12 485
12 39 341
32 35 383
33 7 403
3 41 303
41 19 277
34 29 206
4 8 390
38 44 475
39 34 445
21 36 494
47 26 14
35 16 414
41 29 160
4 18 85
6 40 290
10 23 214
37 4 242
13 14 458
33 19 393
31 17 329
15 14 7
12 10 359
9 29 132
23 14 251
19 27 372
43 32 466
25 35 175
21 45 202
30 11 440
4 12 176
16 41 379
12 27 2
40 38 41
40 17 200
41 4 425
14 42 111
24 41 272
9 4 370
43 8 321
30 35 289
33 38 188
29 8 334
16 46 480
33 15 449
29 19 250
8 33 390
26 30 208
2 15 313
46 9 263
13 34 138
25 3 332
29 11 175
3 26 488
46 10 332
2 16 242
3 22 62
23 20 456
34 1 171
41 42 333
22 38 61
4 25 185
22 40 341
28 46 428
38 35 499
19 16 375
21 2 465
33 27 340
2 3 248
36 2 486
46 23 20
47 46 362
17 37 111
32 3 203
25 37 431
