446 35 364
10 23 8
28 8 387
8 29 33
21 5 187
2 18 178
4 3 65
1 26 116
33 2 461
12 25 139
19 7 321
11 22 368
16 35 59
3 25 303
31 35 309
1 19 120
4 34 484
8 10 438
21 7 496
7 23 424
35 3 265
3 7 283
6 12 257
19 14 66
16 11 72
4 30 185
9 6 431
6 21 8
35 23 57
12 11 14
4 26 408
33 5 422
26 28 289
34 1 466
33 4 208
13 10 429
5 3 215
11 15 346
12 4 247
11 28 278
16 14 22
11 3 212
34 29 400
23 33 391
26 19 439
9 26 380
31 14 293
2 21 124
19 9 305
34 5 64
27 21 164
29 19 127
3 17 288
26 10 302
8 4 36
20 10 6
19 13 47
16 15 291
17 25 471
32 35 9
20 27 350
10 6 346
7 27 316
21 3 500
30 14 394
30 19 159
25 2 330
5 6 409
13 16 240
35 28 489
10 15 336
11 21 228
6 14 106
21 12 465
15 20 215
28 15 187
20 31 237
31 34 465
27 9 9
30 5 430
22 4 217
19 20 468
32 29 442
24 17 169
5 32 404
25 15 227
11 33 235
19 25 465
20 25 245
32 16 344
31 25 308
5 24 331
31 27 159
8 32 467
15 24 248
1 7 266
13 17 251
19 15 157
4 14 283
22 10 106
22 23 49
11 14 411
10 2 55
8 7 360
6 13 284
2 17 423
13 24 154
17 32 362
24 16 440
8 6 14
34 19 207
10 30 368
35 7 203
26 13 128
3 8 260
35 1 380
2 1 205
28 5 421
18 19 137
7 28 266
18 23 221
32 13 85
15 4 193
24 6 120
25 16 57
11 6 54
9 35 79
35 26 431
27 19 257
28 33 478
6 19 55
12 5 195
5 31 104
25 35 477
25 29 32
22 26 161
33 17 297
35 10 277
1 3 318
33 19 413
3 6 394
29 10 76
12 19 30
25 11 18
16 29 167
16 27 225
14 27 454
27 33 291
2 4 326
24 4 440
34 24 475
13 21 333
8 31 231
31 29 37
11 24 142
1 30 183
27 11 458
4 16 314
28 6 33
8 35 339
33 12 486
14 20 374
2 11 426
18 30 428
14 22 465
14 10 375
22 34 6
2 9 430
29 15 315
24 20 472
12 22 97
28 23 454
21 33 232
29 11 46
12 7 43
8 34 316
29 12 126
21 30 351
18 9 84
11 23 318
17 11 438
11 9 361
2 12 445
34 26 83
17 19 363
14 24 99
3 16 351
20 32 363
29 30 191
14 29 64
24 26 23
10 27 461
15 5 449
35 5 481
17 34 424
21 17 443
9 4 495
29 7 214
23 30 207
19 16 268
32 34 46
6 1 202
25 33 478
11 8 140
15 27 159
26 18 87
32 25 17
19 4 160
21 26 310
29 35 23
18 11 35
19 28 108
18 33 281
14 28 95
1 12 402
2 34 61
24 12 460
1 17 119
10 5 97
32 30 1
9 10 343
17 18 278
4 31 415
13 34 395
31 12 442
2 35 24
27 12 81
29 5 7
22 21 476
1 24 393
7 33 264
32 7 87
6 27 18
34 35 210
16 12 495
18 16 85
3 19 71
14 15 179
29 27 392
2 29 486
20 18 3
33 31 71
13 15 388
12 20 192
7 4 385
19 24 94
33 13 239
14 7 59
6 31 5
16 6 473
24 2 140
33 20 54
31 19 117
16 9 435
22 32 183
30 22 125
34 10 449
26 8 185
15 34 300
1 29 202
29 18 70
18 13 44
25 22 351
29 9 44
4 32 478
21 14 251
15 31 270
24 35 169
30 2 85
33 24 277
18 10 337
32 14 249
29 28 332
27 5 382
27 17 276
32 10 166
33 30 255
18 35 152
15 26 214
7 9 65
13 2 360
10 12 74
6 30 267
18 15 310
18 7 411
4 25 192
9 32 236
20 30 351
30 9 334
23 12 123
14 17 354
3 15 270
15 12 280
4 11 194
4 17 249
25 24 269
18 1 317
20 3 280
29 22 393
31 23 36
16 10 360
22 1 396
20 21 79
12 35 139
4 29 222
4 10 383
3 12 176
3 32 439
30 26 52
9 28 321
20 5 227
32 31 239
13 30 50
17 23 97
19 35 221
33 35 187
3 33 225
3 31 377
2 27 195
7 5 471
10 33 481
21 28 452
16 8 284
2 28 178
7 22 297
30 16 112
1 13 151
27 32 429
24 3 398
33 26 253
8 19 299
3 23 34
27 13 311
30 15 90
1 14 470
8 2 263
6 18 360
22 6 449
6 4 230
23 24 68
32 28 93
21 31 380
11 31 398
17 30 335
11 7 35
25 28 360
17 12 291
5 25 19
11 20 314
18 31 463
18 8 156
25 14 298
18 27 470
13 8 319
14 33 176
28 22 35
5 16 252
7 20 169
8 27 205
5 8 130
12 13 467
26 25 223
26 2 81
13 23 83
16 17 323
34 33 349
17 29 166
26 12 177
32 33 499
5 17 357
23 15 166
27 28 36
3 29 409
24 27 196
15 32 432
34 6 109
10 28 177
1 16 121
11 34 428
25 23 17
31 16 266
23 4 294
20 22 137
9 22 300
14 2 92
17 26 48
24 18 289
17 10 370
10 7 426
8 17 486
35 13 297
34 7 241
4 18 261
8 14 30
1 28 322
34 30 473
12 30 378
22 33 22
5 22 198
24 22 414
11 1 486
27 35 476
3 2 151
4 5 240
5 1 408
23 26 411
18 22 474
6 20 81
15 8 383
23 5 187
30 35 484
31 9 144
5 9 137
32 11 73
7 2 223
29 20 197
26 29 190
20 23 7
2 16 108
31 2 7
28 4 220
26 3 134
33 29 24
11 19 140
2 23 386
26 16 307
31 30 202
11 5 357
23 14 234
16 23 236
33 6 129
32 21 258
8 33 422
18 28 249
31 1 307
9 15 282
15 33 478
19 23 491
22 17 375
18 32 271
22 8 262
22 35 171
4 13 106
7 26 365
30 8 50
32 23 204
10 21 192
