132 33 15
8 4 82
25 22 266
25 14 251
32 8 16
23 31 87
13 14 449
5 16 5
27 22 158
18 14 228
33 18 135
24 21 496
7 14 56
17 24 66
22 18 426
29 10 438
3 18 90
13 32 268
24 22 283
14 10 437
27 31 211
6 9 96
25 32 258
29 30 254
1 26 289
24 16 329
12 23 495
11 33 328
4 1 217
4 17 480
5 1 245
17 29 357
20 21 88
26 15 46
25 12 128
12 9 105
8 20 84
13 21 368
29 9 319
2 24 494
27 26 70
27 13 459
4 6 35
15 17 313
26 13 245
33 12 275
28 22 234
20 19 59
32 5 61
11 28 500
1 16 183
32 33 356
23 24 149
30 17 424
3 21 407
4 20 319
4 28 408
8 7 319
31 6 376
6 8 484
15 30 292
7 6 241
17 26 212
20 22 278
2 32 15
23 13 387
33 25 442
10 3 475
18 6 495
1 12 209
33 4 147
13 25 254
26 7 104
4 22 355
4 18 324
30 22 2
8 29 365
4 25 330
7 19 498
14 26 146
10 32 435
5 33 247
7 11 106
30 2 33
20 30 334
9 16 198
9 18 474
17 21 4
14 30 1
6 26 269
33 2 429
16 4 126
9 13 359
2 29 38
17 1 457
19 15 381
21 31 2
6 17 221
28 10 298
16 7 481
4 30 154
10 1 289
13 3 141
9 8 456
21 9 320
16 29 112
14 24 393
30 9 112
16 17 180
1 27 249
1 22 252
32 6 367
3 14 397
28 7 128
24 7 305
1 19 290
31 30 124
3 4 80
16 12 268
13 22 97
1 11 41
13 31 247
30 8 117
5 14 489
17 12 206
7 20 143
15 4 394
19 5 432
3 23 471
27 10 57
25 5 201
12 2 91
33 6 344
