585 40 151
11 36 310
11 27 194
39 25 223
39 13 29
15 32 460
27 35 48
40 24 498
38 40 77
19 1 17
13 11 122
11 10 107
23 19 452
10 5 480
8 12 467
36 26 160
3 23 422
27 38 223
38 13 454
23 2 208
32 12 440
40 29 266
16 31 213
39 37 497
3 11 272
6 22 9
25 15 384
9 27 207
9 22 200
11 22 178
29 16 183
39 6 471
21 12 461
13 1 497
39 24 468
11 7 234
3 20 200
5 13 114
15 4 331
37 35 101
34 29 267
3 7 192
12 17 106
14 15 114
14 7 342
36 21 190
24 12 238
4 23 356
7 16 292
18 40 491
19 9 277
11 20 53
9 4 131
27 12 14
27 30 335
29 25 3
31 34 3
9 18 141
34 12 116
16 30 181
31 5 3
33 35 45
27 13 469
26 24 407
4 21 464
22 3 366
22 5 79
32 22 213
5 16 182
21 30 168
23 14 123
33 12 342
6 36 415
30 3 417
27 18 127
37 21 368
3 5 209
22 35 142
28 24 176
17 22 2
30 11 99
38 33 108
13 34 81
22 24 472
1 27 173
4 22 201
12 9 407
14 40 437
24 20 330
13 23 229
39 1 202
14 13 410
28 19 413
13 26 35
6 38 490
20 40 309
32 27 325
20 31 359
23 1 356
23 38 23
26 40 28
31 27 391
29 15 157
11 2 262
26 6 286
10 2 259
1 10 211
31 9 492
17 21 369
6 15 164
30 23 144
23 6 496
14 21 491
29 37 374
14 6 291
22 29 321
18 29 462
35 8 138
13 15 235
31 24 406
23 10 420
32 7 213
3 33 489
23 16 299
9 38 67
30 20 453
4 2 2
34 30 357
30 8 193
20 37 129
6 32 101
37 22 180
10 38 482
36 1 158
39 36 186
33 9 55
13 31 48
22 8 158
7 39 249
12 30 477
34 33 317
6 30 8
19 32 437
14 17 205
7 15 428
29 32 55
23 32 280
24 29 204
14 2 201
25 11 477
37 13 357
24 34 394
15 16 257
40 28 238
36 10 422
10 21 213
2 27 27
12 26 170
19 5 20
25 26 469
40 36 406
20 35 481
26 37 382
25 40 408
5 28 331
12 20 268
23 28 286
8 3 248
33 39 449
26 20 473
35 31 182
12 18 391
14 16 104
27 4 405
25 3 157
35 40 348
5 20 295
35 17 111
14 34 454
15 12 83
21 35 51
27 22 337
18 24 331
18 1 98
23 40 4
13 35 95
3 19 321
13 33 249
38 7 219
14 9 239
16 18 194
8 19 345
13 12 51
16 34 366
13 40 133
9 7 301
37 6 349
21 8 401
12 25 231
33 7 237
31 30 72
16 37 68
38 35 241
11 6 123
30 39 473
28 21 387
27 8 11
29 19 9
26 15 225
32 14 296
32 11 127
2 5 392
39 32 151
12 36 389
4 14 24
17 1 244
5 14 328
20 23 469
16 22 118
31 10 174
26 3 277
37 31 211
37 2 113
21 20 31
6 29 156
16 17 461
2 33 90
33 8 383
23 21 301
40 32 244
28 26 217
8 6 72
15 2 335
19 16 470
4 16 147
38 30 94
20 1 180
21 26 415
14 20 297
1 37 126
21 32 248
20 27 170
21 33 370
4 3 209
38 11 484
26 2 419
28 34 56
35 5 286
22 31 223
17 36 465
9 3 492
28 20 29
1 24 54
30 28 257
30 37 335
25 22 75
25 30 137
31 26 203
25 20 281
23 27 187
23 22 376
22 2 203
7 19 23
28 31 268
5 29 431
38 28 374
40 31 207
31 12 312
18 21 383
12 6 121
1 4 172
20 18 403
1 38 430
31 2 454
20 33 185
17 10 383
16 32 273
5 40 442
24 17 122
33 36 261
4 35 285
4 31 88
34 39 48
12 7 243
7 31 122
27 19 162
16 10 322
5 39 330
20 7 275
15 37 233
31 38 294
33 14 356
35 11 331
13 36 203
23 26 185
23 39 115
2 12 469
16 20 434
17 40 431
23 5 138
34 22 495
14 11 324
35 18 160
37 36 43
1 15 162
19 15 420
16 6 95
40 11 255
26 9 124
5 15 85
15 21 262
16 40 380
15 9 28
18 3 102
32 17 59
31 11 61
26 22 171
29 35 117
9 40 43
39 17 362
12 1 234
5 38 439
39 20 283
19 31 309
3 17 175
37 7 123
1 2 159
2 8 387
10 28 97
39 9 67
25 19 69
23 34 363
15 24 104
12 28 416
21 5 479
37 12 431
30 5 401
7 1 203
3 39 323
39 26 462
12 16 335
6 33 451
24 38 14
24 27 290
15 11 409
27 15 15
40 3 221
35 24 229
4 25 471
18 28 228
37 14 278
17 5 128
6 35 394
27 39 97
37 34 209
23 29 328
34 18 60
14 27 40
17 13 433
14 18 187
5 32 193
19 21 249
34 9 197
33 29 297
33 17 92
35 3 473
6 40 435
2 13 469
8 4 7
8 36 80
7 35 405
40 8 338
37 33 333
40 15 157
26 35 14
35 25 150
17 23 92
4 10 240
33 27 459
8 15 293
37 10 104
12 5 443
8 28 254
21 9 445
30 9 84
26 38 318
9 36 395
17 28 464
30 13 442
27 6 418
19 22 327
18 25 227
30 10 271
12 39 324
22 30 194
2 36 378
20 8 324
27 36 480
29 11 230
21 22 311
4 38 345
5 8 431
5 25 294
17 2 203
38 8 38
39 2 57
36 3 248
29 38 217
31 32 376
16 26 311
18 22 124
4 19 229
23 9 315
34 19 102
32 18 346
27 28 162
8 29 88
1 29 159
11 19 203
4 6 410
36 5 155
1 22 321
25 17 1
4 40 350
10 27 340
5 27 473
32 36 25
27 26 247
19 37 232
33 4 430
30 35 118
7 6 200
15 36 228
19 2 412
23 25 15
17 18 389
38 16 486
3 34 244
1 9 500
24 3 21
3 38 463
13 18 10
15 23 281
28 11 186
28 25 351
2 18 203
14 19 182
5 24 340
36 4 411
20 9 204
13 19 487
19 10 470
25 36 466
18 38 18
18 7 279
33 18 336
7 30 415
1 34 258
29 21 20
32 13 5
34 4 479
32 10 291
18 11 292
5 4 245
13 7 122
32 1 423
16 1 481
28 6 310
6 21 201
18 30 1
29 26 250
28 14 461
1 35 463
8 24 364
33 31 149
16 13 88
39 19 428
28 33 279
19 26 491
10 14 26
28 7 287
16 9 130
2 29 387
18 10 470
30 17 46
33 23 9
6 3 187
18 5 154
10 20 28
24 11 237
30 36 254
16 25 290
6 31 418
22 39 139
30 33 230
10 26 294
30 2 303
4 30 330
10 25 192
20 2 487
31 8 327
11 37 136
2 34 204
3 10 115
4 24 127
34 35 281
10 15 457
40 27 341
19 30 469
9 24 352
6 5 426
40 1 261
14 22 437
7 21 435
20 4 329
25 8 151
26 7 263
7 27 118
36 28 384
32 8 265
26 17 346
24 6 400
3 31 324
23 31 269
7 2 310
6 1 206
24 10 52
1 3 80
40 34 343
40 10 134
28 37 389
15 38 393
36 29 479
38 17 268
31 29 442
16 39 74
12 38 240
32 33 391
4 39 447
22 38 178
32 37 384
25 13 280
27 3 119
21 34 248
5 1 445
11 5 388
39 31 472
34 38 4
22 36 89
37 5 199
25 34 311
40 30 120
7 36 76
26 30 399
4 29 276
6 17 12
37 18 291
15 34 296
8 23 423
29 12 454
16 24 129
34 20 300
26 14 402
29 20 220
13 28 246
1 8 110
33 10 71
9 25 414
12 3 399
12 19 109
32 4 287
11 17 410
16 21 235
19 18 221
13 22 280
19 17 72
34 8 193
29 13 437
8 13 7
8 10 264
9 10 56
12 22 81
25 33 117
2 28 338
2 9 373
4 18 379
