253 23 7
4 12 212
1 4 34
17 4 166
15 7 266
21 4 398
14 15 410
21 3 113
13 5 489
6 3 499
20 11 241
8 20 70
21 13 285
9 18 348
11 13 284
13 7 50
23 9 445
21 8 120
4 8 274
18 1 96
21 14 98
9 21 55
20 19 444
2 11 246
10 14 477
15 16 254
4 14 363
5 14 329
22 1 127
23 1 3
17 14 440
8 7 230
12 13 463
23 19 5
13 4 395
7 4 68
20 22 378
15 2 170
20 15 326
8 18 315
3 22 468
3 16 497
6 22 254
11 10 9
13 23 53
4 6 366
12 19 52
12 6 250
16 10 435
4 15 131
12 22 89
9 16 27
11 1 52
2 9 11
6 10 114
7 3 213
16 7 217
20 10 161
22 2 394
23 15 104
21 11 181
22 7 179
14 6 257
4 5 85
6 23 459
10 12 161
20 7 240
11 16 383
5 22 290
23 18 39
15 8 180
14 19 175
9 14 389
4 22 499
6 13 378
11 5 457
21 20 164
8 1 56
5 9 367
12 21 238
23 20 32
19 11 357
18 2 369
4 2 335
10 5 131
15 21 98
7 6 177
14 1 18
6 20 63
1 15 358
14 11 55
1 10 196
13 15 242
1 7 288
3 23 351
18 4 59
16 2 179
20 18 210
3 9 192
21 6 181
23 4 47
17 6 193
6 16 432
11 8 441
10 19 350
5 23 447
21 16 499
7 2 272
20 12 70
19 2 152
14 3 388
16 19 212
22 10 470
21 22 60
9 8 323
2 17 399
15 18 15
5 3 207
1 5 78
17 22 460
4 9 22
8 22 231
3 1 438
18 14 151
20 2 92
3 2 189
6 8 418
21 2 90
12 1 85
2 12 27
7 17 181
1 17 245
7 9 174
12 7 397
17 16 153
8 12 297
14 13 338
18 7 135
10 4 114
13 9 62
3 18 124
18 5 119
4 19 227
17 18 196
18 16 263
1 20 434
13 20 417
3 20 66
17 5 231
2 1 56
13 1 208
5 6 347
7 19 204
7 11 283
6 2 432
10 21 83
22 15 486
13 10 499
10 9 103
18 6 210
22 19 100
22 16 392
17 21 224
8 23 291
5 12 433
12 18 134
12 17 252
23 2 264
17 8 35
12 9 201
22 13 490
23 21 71
17 20 308
16 4 218
13 3 200
23 10 245
19 1 408
4 11 487
17 15 37
15 19 261
5 20 465
22 14 201
19 6 60
3 12 65
19 21 21
17 23 244
20 14 239
22 18 437
5 15 19
9 20 395
15 11 16
17 10 376
3 17 24
4 3 252
10 8 146
13 8 39
18 11 6
6 9 71
5 19 48
23 12 463
14 16 132
5 21 40
6 15 93
12 15 87
21 1 98
17 11 206
16 20 457
2 5 399
17 13 301
13 2 405
12 16 190
9 19 430
19 18 127
13 16 16
10 3 75
10 15 204
11 3 95
10 7 170
15 3 117
13 19 53
1 9 116
11 22 273
11 12 78
2 14 225
17 9 12
17 19 142
8 2 205
23 7 454
6 1 37
3 8 392
19 3 47
21 7 325
23 14 265
13 18 95
11 6 170
5 8 292
10 2 486
10 18 336
16 23 438
8 14 3
19 8 457
23 22 428
16 8 211
9 11 148
16 1 130
16 5 459
14 7 486
9 22 166
15 9 68
11 23 249
5 7 359
4 20 91
12 14 20
18 21 338
