306 50 18
49 23 303
13 43 46
5 19 239
45 48 93
12 35 379
34 6 246
17 24 47
41 33 214
13 41 1
27 30 244
17 6 261
44 20 428
40 12 337
33 49 220
35 38 66
39 44 97
25 3 468
24 5 299
42 16 162
21 20 256
50 26 421
13 44 349
15 46 52
11 36 74
10 11 398
34 14 86
43 34 265
20 10 30
27 45 471
28 35 62
41 49 106
7 33 257
22 40 339
43 32 450
9 12 365
15 2 237
37 38 198
29 46 464
5 21 434
37 27 123
4 41 323
3 33 116
20 6 445
45 42 339
32 20 92
21 48 172
17 37 150
30 42 420
9 30 181
9 45 413
26 37 451
46 34 485
33 42 90
45 47 29
42 14 148
23 8 280
32 7 109
16 48 52
16 13 469
40 17 428
14 16 223
39 23 463
42 4 500
49 15 191
28 12 230
39 47 45
39 28 165
46 47 378
28 36 396
23 2 106
10 48 401
8 4 81
36 35 108
32 33 408
35 31 188
12 16 498
25 47 338
33 4 120
34 9 171
22 45 389
42 29 476
30 21 23
2 36 264
27 23 467
37 18 70
47 38 106
28 11 118
42 23 230
48 38 32
5 31 322
12 1 132
30 4 436
20 18 410
42 40 27
21 9 412
42 11 110
27 6 292
24 49 84
6 48 292
4 28 11
45 24 358
16 3 436
34 3 108
21 38 92
22 33 42
34 33 461
15 28 57
42 43 50
9 40 333
45 49 195
36 50 20
41 43 278
39 16 372
50 40 125
26 12 361
10 2 464
2 21 248
37 22 150
32 41 282
50 22 254
5 49 259
21 35 136
21 34 320
11 5 400
36 43 64
30 48 238
27 32 381
2 42 135
44 50 156
29 11 58
12 31 328
40 48 129
30 31 197
4 47 51
43 22 336
14 24 106
17 36 476
29 24 406
40 11 154
31 33 152
12 11 344
47 14 21
14 31 172
37 10 348
9 36 107
8 29 97
29 28 286
43 6 191
22 14 266
6 47 50
40 46 405
38 5 475
46 20 145
37 6 18
33 9 446
40 5 459
47 13 259
2 40 186
26 23 134
27 11 36
2 20 371
8 46 466
1 32 298
10 6 438
28 25 194
35 20 438
4 19 115
4 46 409
46 38 350
25 24 198
38 44 306
30 41 101
37 19 450
27 9 82
46 24 131
44 9 56
46 39 70
18 28 27
13 28 421
5 25 251
30 33 99
39 27 268
10 4 131
9 13 93
23 33 275
40 15 486
11 8 438
37 8 64
26 11 339
42 46 312
49 11 207
27 14 144
2 14 250
22 31 197
18 1 311
34 31 265
14 10 198
47 42 379
4 21 9
24 12 71
35 5 2
34 1 372
20 28 237
35 49 228
15 17 197
20 16 309
13 35 291
11 31 57
43 48 384
24 2 334
47 32 12
39 50 387
36 21 49
31 10 299
30 39 123
29 9 452
29 1 266
37 1 343
16 11 450
45 30 404
18 19 310
41 50 488
49 34 445
40 23 285
20 24 418
24 8 436
50 3 35
13 15 7
17 14 99
2 30 374
48 2 441
19 12 232
17 43 284
48 14 141
6 16 468
26 18 14
11 32 162
44 37 354
48 41 84
13 22 449
32 3 499
14 18 419
38 13 85
39 11 61
22 34 286
12 4 314
2 33 4
17 5 333
12 7 95
14 1 189
27 17 242
33 5 422
20 50 380
21 8 241
16 35 41
30 10 5
45 4 224
48 5 111
2 38 232
35 29 248
19 26 84
32 36 10
22 49 410
28 50 413
23 20 88
49 44 125
22 11 78
36 31 485
36 49 468
20 11 269
30 29 254
16 15 274
30 6 254
40 39 190
45 41 25
3 19 478
16 2 239
17 42 178
9 7 222
6 45 56
33 14 353
5 27 277
47 19 313
33 1 284
47 30 105
7 45 159
41 26 151
2 17 12
4 16 351
28 14 38
9 19 261
37 45 79
35 30 411
13 36 2
28 42 150
20 40 145
38 20 98
40 7 400
9 41 395
16 9 461
35 9 253
40 35 72
3 1 111
2 41 298
17 7 211
28 49 211
