555 39 19
35 15 341
20 18 439
23 17 317
26 9 378
17 2 378
18 22 81
32 12 500
28 15 224
11 14 113
1 9 472
7 14 459
1 30 227
36 17 320
7 21 121
37 17 311
33 3 45
7 31 423
6 20 157
20 25 269
5 30 385
21 14 258
28 6 23
3 32 109
20 13 53
28 11 22
9 21 422
29 7 289
9 14 6
14 12 117
18 24 185
24 31 102
8 29 1
1 16 394
14 36 209
17 31 41
29 38 88
34 33 401
38 33 236
20 39 85
9 24 396
24 4 371
10 18 353
28 8 253
32 8 303
23 21 149
1 12 265
10 25 263
12 34 458
35 28 328
30 26 246
26 28 277
28 7 463
15 24 170
15 9 362
38 39 329
18 6 124
20 30 317
16 22 388
3 36 156
25 21 473
18 34 436
23 5 258
26 33 238
10 8 375
39 37 119
2 22 245
16 36 69
23 35 420
19 21 78
2 26 115
35 13 460
11 33 338
12 29 402
16 5 39
38 31 1
11 29 133
17 3 76
21 26 411
14 27 148
36 33 1
14 8 348
2 7 438
35 19 416
17 39 384
21 4 41
31 25 179
22 4 449
2 23 478
18 38 485
36 1 492
28 30 325
30 6 424
35 27 269
1 19 242
24 38 403
33 16 422
34 21 237
30 39 228
3 20 410
24 26 446
6 9 471
24 21 95
35 29 129
18 28 445
16 14 102
21 32 248
36 2 384
31 13 409
20 9 312
19 10 78
34 22 68
29 34 389
37 7 177
38 7 58
35 12 362
17 32 171
36 29 98
3 24 482
22 32 301
34 16 315
9 30 276
19 3 63
31 11 72
6 39 465
13 4 128
13 39 89
16 23 22
39 14 232
13 37 223
15 33 23
30 17 185
7 16 98
34 26 291
7 39 141
20 2 486
2 3 64
13 21 286
30 14 340
37 6 74
3 34 219
3 16 253
5 25 217
3 27 117
8 22 364
25 32 431
6 25 100
12 27 134
8 20 466
19 28 448
13 1 400
15 2 354
4 34 124
21 35 98
11 8 341
28 12 434
39 27 170
32 23 314
18 2 126
19 38 472
4 25 116
20 27 338
29 24 190
23 13 282
8 6 460
39 28 306
16 26 11
25 23 107
16 25 356
30 12 310
24 16 456
5 11 431
20 34 129
29 19 154
2 24 92
3 12 12
8 7 342
30 15 439
11 34 473
32 35 360
4 11 163
18 23 290
25 22 192
31 3 406
3 6 275
11 32 282
11 18 255
14 18 399
10 3 78
8 13 352
18 21 265
35 16 309
21 29 420
5 13 480
2 1 73
7 30 224
11 15 375
37 16 347
19 22 295
11 10 227
31 22 210
8 17 398
15 20 420
16 15 456
28 25 291
3 39 146
4 33 374
5 20 143
3 25 466
11 16 240
5 29 476
35 20 51
6 38 177
12 38 468
16 21 352
30 29 100
20 26 34
10 2 173
37 8 213
4 27 343
31 18 378
29 33 107
35 26 495
17 26 53
18 5 478
37 21 451
39 12 414
31 39 497
21 15 414
1 17 268
32 36 384
38 2 142
10 9 43
35 39 469
31 2 44
2 34 164
5 21 21
4 1 308
11 30 90
34 37 355
23 37 333
31 29 19
28 23 63
25 2 422
16 13 92
38 14 106
22 24 394
36 4 206
7 17 123
21 11 94
31 19 493
31 23 25
11 37 320
13 18 121
4 3 42
6 35 307
12 16 69
23 10 348
30 31 222
25 26 436
9 16 146
11 7 264
32 34 195
35 7 336
35 1 272
15 1 114
11 2 192
31 15 283
11 9 369
36 12 142
31 21 48
20 24 31
39 21 145
32 4 149
9 34 286
13 10 105
34 28 49
37 29 127
1 39 71
12 5 294
8 19 325
20 36 391
6 29 118
12 2 6
14 20 4
6 5 121
3 21 422
6 16 416
36 22 385
7 19 206
4 9 213
30 21 310
13 33 203
32 16 91
32 2 202
33 5 200
13 14 182
17 13 169
2 27 221
31 32 382
1 6 20
19 34 122
23 39 411
23 12 20
28 16 345
17 10 307
36 28 393
15 13 350
28 24 165
9 3 43
3 30 255
20 23 258
13 38 31
28 9 241
3 35 258
27 32 412
4 18 356
2 30 307
7 23 154
20 1 339
25 18 44
10 32 318
30 37 221
16 4 60
25 29 335
31 34 285
31 26 293
15 8 172
8 35 87
19 32 117
22 30 458
37 25 68
35 14 397
7 32 100
21 10 183
27 31 397
1 22 40
1 18 127
13 9 28
11 39 411
18 15 296
35 38 452
27 36 451
12 26 261
15 26 5
34 14 213
27 22 179
18 36 460
14 23 475
36 11 455
5 8 289
37 4 76
26 37 225
31 10 168
25 12 359
3 29 229
16 17 63
39 2 368
11 6 263
11 25 310
32 9 496
2 29 79
17 28 4
22 28 68
17 21 108
15 7 246
8 18 127
26 29 484
24 39 329
30 35 283
26 19 20
9 7 453
21 1 56
35 34 225
28 38 329
16 27 247
38 34 237
29 16 194
25 36 88
15 6 180
4 35 128
26 32 165
5 32 436
35 18 439
35 24 459
6 19 406
13 26 490
22 38 433
38 5 42
4 15 75
4 7 180
29 13 110
24 36 220
25 7 254
39 33 82
25 30 161
14 29 277
33 1 444
31 1 464
32 37 201
18 16 425
28 3 388
32 30 103
30 34 470
26 7 468
12 13 272
36 7 168
35 36 137
36 37 42
25 35 263
2 9 255
35 31 309
5 14 300
22 33 272
8 33 439
11 23 1
23 6 318
32 24 411
24 23 406
10 7 500
30 24 223
10 26 450
34 10 112
13 28 102
29 17 441
19 37 237
15 34 341
38 20 165
18 3 86
15 19 181
10 24 131
28 31 28
20 19 449
8 12 52
17 35 238
5 39 315
31 20 162
22 12 433
14 33 452
20 4 393
19 14 481
10 20 380
35 11 101
30 19 55
34 8 36
24 14 87
36 5 387
26 4 400
22 13 429
33 19 380
18 29 43
39 10 338
36 15 7
23 22 58
24 17 349
5 7 474
10 33 297
25 19 284
1 25 197
31 37 10
24 37 56
8 24 83
14 17 144
3 1 403
2 19 436
16 39 30
26 27 222
10 36 200
32 1 200
6 31 269
24 5 41
2 16 476
38 17 336
6 13 113
17 6 334
18 37 113
9 18 324
20 11 294
11 38 22
4 38 150
18 39 332
1 29 67
19 12 240
27 37 194
27 24 496
6 10 271
27 10 277
10 1 469
12 18 334
38 21 36
3 22 93
21 12 32
38 8 2
5 22 499
6 2 132
6 22 430
22 35 363
15 3 490
5 28 242
24 12 33
30 4 101
37 35 97
24 6 47
7 22 24
1 11 391
6 4 360
3 14 239
13 7 233
2 4 183
5 9 134
28 33 275
22 11 256
15 22 475
4 23 24
19 9 498
33 35 198
36 13 170
39 19 432
36 30 192
36 8 335
38 10 108
37 1 408
23 9 146
10 37 400
29 22 428
14 15 439
38 25 135
32 20 203
24 25 444
12 4 358
34 36 258
38 27 364
6 12 403
30 13 39
9 38 401
4 31 177
5 37 354
30 27 286
6 26 376
27 1 4
4 10 199
27 25 375
14 4 49
9 25 473
33 7 173
38 23 357
27 33 481
19 18 251
32 39 271
38 37 458
20 17 417
19 5 27
1 23 193
11 27 492
1 28 157
26 36 286
