351 27 366
10 7 200
4 3 85
23 5 350
21 24 395
11 22 229
22 27 488
6 8 64
21 8 21
12 8 29
2 1 267
13 6 133
16 17 75
6 14 133
25 5 118
23 17 332
17 18 43
24 13 62
20 5 303
9 22 317
13 15 323
18 7 435
20 26 12
9 7 127
8 15 24
9 27 61
24 10 148
15 12 185
24 12 85
6 5 401
18 12 232
4 14 122
25 23 391
27 2 298
24 25 338
8 23 343
18 24 3
3 2 443
1 16 173
20 14 187
12 16 268
20 13 256
5 11 485
15 21 280
11 16 267
13 25 236
11 24 445
9 18 313
15 24 371
25 20 381
17 26 369
22 25 197
2 12 355
15 25 65
4 6 197
26 21 64
20 12 270
14 16 401
13 4 164
4 10 342
20 9 276
13 21 401
19 7 161
23 18 437
24 7 394
22 3 327
6 23 282
7 16 169
20 1 337
15 11 163
1 4 203
10 17 487
10 26 403
7 1 85
6 26 165
20 3 445
22 21 429
3 21 181
5 27 495
9 17 126
19 4 324
14 12 349
10 14 256
3 1 427
14 24 468
27 24 359
14 21 225
2 13 438
10 23 66
10 15 363
21 16 170
11 6 139
15 7 231
12 3 75
23 26 300
4 26 135
19 22 223
13 26 291
6 16 482
13 23 425
7 17 333
10 1 167
11 2 365
5 16 354
12 6 170
15 19 437
18 3 366
12 10 354
21 6 278
16 24 488
5 24 44
5 1 13
25 3 360
23 11 476
5 17 453
27 25 94
6 24 425
13 7 485
13 19 446
17 13 412
18 10 34
26 8 126
5 21 25
2 4 211
27 19 101
15 27 390
6 19 183
18 22 265
18 5 412
19 14 157
18 11 132
15 26 178
10 9 327
19 11 164
4 7 377
19 18 334
14 13 155
3 9 329
26 16 447
26 14 269
14 17 269
17 1 79
8 4 83
21 27 481
1 26 407
25 17 207
15 16 254
6 22 190
7 23 392
4 18 9
18 25 285
24 26 180
20 10 79
22 8 301
14 8 276
1 15 408
23 15 46
8 10 448
18 20 53
16 4 457
16 2 470
6 9 487
25 4 154
2 10 401
7 2 319
20 4 135
6 15 471
27 13 295
14 3 169
9 24 293
21 20 98
22 17 206
8 9 266
20 22 178
8 13 361
10 22 230
14 27 280
11 10 122
4 22 50
7 5 115
10 19 170
9 13 93
23 3 184
21 23 303
20 15 36
21 25 165
10 16 196
2 26 243
7 12 2
1 21 6
20 8 67
27 8 77
11 17 263
13 11 24
20 27 212
8 25 441
12 19 485
14 18 22
3 24 407
1 8 117
25 10 100
22 15 298
26 18 333
2 20 288
4 17 328
2 15 94
19 3 113
11 27 65
16 27 190
20 17 127
7 22 217
25 7 349
11 4 29
22 5 95
13 22 259
16 20 353
19 17 151
10 27 439
22 14 470
7 27 292
1 24 456
10 6 63
12 5 486
17 27 18
26 25 185
2 19 44
19 23 448
25 14 372
4 24 43
8 7 261
2 17 500
22 1 480
6 7 256
27 3 67
4 21 235
8 24 236
9 12 17
1 18 227
1 25 113
3 13 16
16 18 182
3 11 360
25 19 7
23 12 89
3 10 68
2 25 347
26 5 27
22 16 488
1 19 383
1 27 389
26 3 296
9 25 418
6 20 276
9 21 364
24 20 354
15 4 496
2 14 463
19 20 34
17 8 101
17 6 415
23 14 378
5 9 470
1 23 225
15 5 362
26 19 262
14 11 159
21 7 165
2 22 318
1 9 22
23 22 169
9 19 380
16 25 402
24 23 324
24 17 411
16 19 200
12 22 239
25 12 241
23 4 47
14 9 127
24 19 499
1 14 52
16 3 41
24 2 64
10 21 189
5 19 48
21 11 133
19 8 166
25 11 211
2 18 35
5 14 336
1 6 274
12 27 243
11 1 233
11 20 34
3 8 266
21 2 343
13 16 368
11 8 221
9 4 158
25 6 270
12 17 413
18 13 427
21 18 123
23 27 44
9 26 340
12 11 363
20 7 126
9 11 19
6 18 136
4 5 306
5 8 264
14 15 438
5 3 106
6 2 313
5 10 333
4 27 246
17 3 272
15 17 381
8 18 6
26 22 172
3 15 177
2 23 271
16 8 247
26 11 308
4 12 416
2 8 199
6 3 259
9 23 78
16 23 21
12 21 242
2 9 124
5 2 337
7 14 73
13 10 467
26 12 94
26 7 181
27 26 119
13 5 461
18 27 129
18 15 132
15 9 64
1 13 75
12 1 118
13 12 37
23 20 144
7 3 62
9 16 224
27 6 20
21 17 306
7 11 458
22 24 405
21 19 360
