283 28 27
18 14 291
4 24 84
10 6 486
28 3 51
17 9 293
12 2 180
14 16 237
24 11 64
27 19 125
18 9 88
8 26 131
5 16 273
22 4 212
12 28 92
21 25 270
23 20 144
12 5 339
11 26 260
6 12 370
10 12 458
1 18 35
26 4 142
4 19 312
12 4 208
3 12 116
10 8 446
22 14 133
3 7 431
8 22 59
9 25 109
15 25 61
3 11 170
2 25 64
14 28 92
26 23 453
12 24 440
4 10 395
19 21 306
28 20 308
7 10 328
7 19 60
9 4 296
5 4 175
1 27 351
1 21 8
1 28 210
15 10 416
15 24 162
6 2 397
21 15 27
14 6 222
11 28 206
15 12 87
27 18 245
16 2 287
8 15 28
16 18 242
19 11 150
20 24 140
25 8 108
19 9 27
22 24 422
10 23 371
18 3 273
7 11 448
10 20 484
6 25 477
12 21 226
15 11 7
2 3 224
1 9 204
19 16 343
14 24 169
28 19 335
18 26 101
1 2 282
4 25 474
24 26 150
14 5 382
14 4 376
9 27 476
3 10 312
16 3 161
15 2 235
12 13 99
3 24 498
23 21 16
28 27 484
8 7 17
7 20 18
23 24 57
27 4 283
8 13 306
5 27 403
4 18 185
1 11 326
25 11 145
4 6 317
19 23 376
17 10 263
1 16 100
27 26 217
7 5 470
19 22 194
17 5 190
7 28 455
9 14 453
15 23 196
13 5 143
28 9 383
17 1 223
28 13 305
9 10 79
13 7 150
3 5 342
19 24 498
4 15 326
14 25 369
5 22 118
23 3 192
8 4 455
12 26 12
18 23 271
16 17 337
6 8 176
27 23 335
18 7 459
1 12 273
13 11 17
18 12 365
25 13 8
7 15 336
14 19 413
15 9 44
20 9 213
20 16 65
14 20 63
5 10 399
4 28 179
12 16 12
6 18 222
11 4 136
3 9 186
17 21 263
5 28 429
20 6 182
12 7 491
6 26 36
26 3 337
4 13 219
12 11 458
6 19 138
16 25 499
8 20 92
1 25 134
16 13 356
19 18 327
6 24 364
20 13 218
27 11 454
14 21 194
20 5 454
7 23 51
21 11 270
13 14 471
26 13 48
14 11 306
13 19 133
3 20 418
5 24 358
24 16 111
2 27 459
15 6 72
1 14 269
15 27 129
27 13 431
22 17 142
20 21 50
16 23 9
25 7 381
11 5 252
23 22 212
22 21 251
26 14 496
15 17 14
18 2 21
5 26 242
3 13 136
3 15 53
23 2 349
16 8 450
24 10 355
21 8 309
21 9 403
13 2 397
16 11 299
22 20 238
18 20 161
2 10 460
25 12 391
4 3 336
9 16 378
22 7 455
24 21 7
15 26 181
23 8 59
9 5 451
10 25 356
22 11 380
26 10 425
8 9 150
17 7 197
20 1 311
5 1 67
7 2 347
1 6 384
18 8 168
10 1 277
24 17 471
21 28 325
19 1 330
13 22 364
7 21 79
22 9 78
27 24 237
4 17 315
28 8 216
16 22 86
2 9 486
21 18 464
24 9 185
28 16 285
10 11 211
10 21 146
6 3 420
27 7 18
24 25 418
2 22 37
16 15 24
13 6 294
7 6 71
15 18 203
23 25 447
14 12 314
14 7 238
17 18 403
2 20 92
10 19 360
7 24 447
10 16 435
9 26 59
8 2 295
22 10 136
4 21 237
26 21 436
26 20 141
18 10 426
5 8 313
27 17 309
5 21 431
2 11 326
4 16 123
22 26 72
4 20 3
23 12 280
1 24 178
12 9 420
8 19 429
25 22 205
28 15 295
19 5 375
13 21 490
19 17 134
13 18 308
8 14 72
21 2 176
6 28 466
2 14 282
27 8 292
5 15 479
5 23 70
14 17 94
11 18 185
