588 49 273
49 33 483
9 40 348
12 43 401
25 5 174
28 3 448
21 27 109
23 25 493
6 25 34
6 8 280
23 18 488
16 22 385
19 40 124
7 23 314
30 17 465
37 14 453
35 21 291
25 13 218
30 35 210
11 30 382
41 18 273
5 46 308
28 19 251
11 33 443
40 6 305
4 18 172
16 8 278
35 3 356
42 13 177
44 22 37
49 21 403
22 5 429
16 17 180
12 31 127
26 6 200
47 12 407
33 31 36
26 3 317
2 29 284
29 1 282
27 6 119
32 33 124
36 28 181
12 4 50
8 26 95
37 22 302
25 33 237
46 35 138
44 12 98
19 15 129
49 15 69
48 40 414
2 32 196
38 47 338
26 36 104
7 39 184
14 19 316
21 40 45
16 9 394
12 18 194
38 42 448
28 27 122
25 10 382
1 36 42
39 27 430
1 23 452
22 48 311
45 21 232
24 33 261
17 22 429
9 11 2
38 43 458
4 40 77
45 26 308
14 11 415
23 32 212
24 11 322
12 49 384
4 48 23
5 19 231
44 38 30
22 11 417
29 3 486
29 36 439
46 4 353
49 25 352
30 18 383
25 4 360
2 11 321
16 3 2
3 15 64
10 49 219
42 27 96
34 37 167
38 26 2
30 1 349
22 40 388
9 24 476
10 6 426
33 22 132
13 46 397
36 25 4
29 14 34
10 24 371
23 40 154
30 15 61
26 32 130
1 28 452
19 22 485
12 17 119
45 4 52
32 48 426
38 36 202
40 5 188
8 47 335
8 13 179
33 10 407
24 13 481
38 10 473
2 17 213
24 15 56
8 10 479
49 40 477
11 7 475
5 3 492
12 32 70
8 22 32
27 26 413
20 36 447
30 23 468
41 49 129
3 17 398
12 41 158
26 7 13
3 47 277
34 46 256
32 6 246
47 34 231
20 13 66
6 37 458
19 32 216
30 21 316
44 10 81
2 20 77
20 23 191
33 20 282
34 33 357
19 9 363
48 13 267
27 34 29
43 10 52
37 39 448
1 41 440
48 2 60
5 37 445
10 13 193
20 43 180
8 48 19
20 12 7
37 12 50
43 19 173
12 36 28
27 24 182
41 8 100
7 10 401
30 8 359
34 7 275
35 8 260
36 17 100
21 15 226
24 14 102
1 4 471
34 29 176
33 16 71
12 25 203
15 33 93
7 40 253
25 43 290
8 23 130
34 32 79
45 31 52
42 29 199
30 33 36
31 11 461
35 2 423
43 24 137
37 8 238
29 37 458
29 9 234
38 32 23
32 36 313
36 19 51
10 41 190
39 2 316
35 39 154
19 21 259
42 34 422
14 20 480
47 14 268
24 23 377
31 48 368
23 36 132
2 46 491
27 11 243
1 18 474
12 10 235
29 26 346
49 8 251
28 35 253
7 43 310
10 17 428
26 40 343
45 46 225
12 21 182
31 44 190
45 40 469
40 11 338
17 14 31
42 22 445
13 28 73
27 45 281
28 26 170
26 39 328
24 41 474
14 9 217
26 24 177
10 46 359
17 7 207
35 23 464
3 46 243
7 13 28
28 41 100
36 34 454
44 19 441
14 39 216
35 33 160
28 8 193
16 41 13
3 24 452
34 28 119
43 42 201
33 8 430
45 13 378
49 28 182
35 38 381
23 46 112
43 3 125
33 39 425
20 7 407
20 9 313
19 4 380
47 35 331
6 31 161
10 21 98
42 44 81
1 15 1
13 11 477
26 33 86
49 35 242
1 8 30
15 9 84
31 14 496
18 16 273
36 24 411
23 14 23
16 49 277
32 18 99
38 11 78
1 48 104
17 19 442
23 22 295
38 1 262
18 28 86
49 31 376
39 21 258
22 21 499
49 3 318
37 40 285
39 49 171
20 48 327
10 28 261
3 45 121
45 24 53
42 14 172
12 7 129
1 44 401
21 1 209
20 3 426
49 20 60
21 33 357
45 28 235
29 45 101
28 44 116
16 23 182
37 4 218
38 31 7
28 47 85
27 40 358
13 23 299
30 32 162
30 22 55
44 14 390
38 48 392
26 15 112
12 9 151
23 10 420
26 31 83
28 31 298
27 48 325
39 25 93
21 41 483
24 16 420
40 41 198
22 26 471
35 10 307
14 13 460
6 23 107
21 31 276
12 28 334
11 1 70
1 13 124
4 20 326
25 41 7
47 44 385
37 2 458
18 38 1
19 42 379
6 5 255
19 46 193
9 13 172
26 17 272
32 40 401
5 9 22
4 41 81
38 7 382
10 22 481
47 21 215
26 46 170
25 11 156
21 36 269
24 29 160
35 4 149
25 1 283
47 5 225
7 41 472
16 32 486
36 27 390
4 9 94
39 46 373
42 1 109
27 23 189
17 46 384
48 34 4
1 6 25
25 18 183
21 46 42
17 18 409
49 11 62
14 1 163
45 36 60
20 27 14
14 30 308
43 1 260
6 22 330
43 22 53
4 13 434
23 15 162
30 13 382
31 29 18
12 38 141
31 19 293
3 22 399
29 21 259
49 46 143
30 7 356
44 40 499
19 48 184
40 39 146
9 31 392
33 40 273
32 9 146
20 37 295
6 3 102
31 42 81
6 18 377
6 16 163
17 40 332
4 26 92
31 25 299
6 20 26
36 7 471
49 23 276
41 34 134
14 21 162
12 13 92
37 48 428
39 10 190
41 29 134
35 9 294
9 34 390
44 8 260
44 20 27
13 16 101
27 49 373
27 18 341
34 23 50
17 28 416
39 45 114
46 30 86
16 34 262
45 37 135
28 7 334
4 5 282
27 9 84
35 42 333
40 31 392
43 13 378
36 44 336
9 25 319
5 8 139
25 21 133
23 47 318
38 29 413
11 35 309
44 30 434
48 43 476
19 6 214
26 41 365
18 14 77
16 35 437
1 45 379
19 25 267
15 35 20
15 13 471
24 31 464
21 24 224
41 37 256
17 48 492
39 17 74
3 33 309
30 29 366
47 39 417
44 33 31
30 3 184
14 36 94
12 29 422
27 10 264
4 3 262
28 30 220
36 31 137
24 28 161
44 7 404
7 31 175
15 36 275
37 19 344
41 6 265
34 25 96
49 18 217
4 11 172
18 48 317
17 20 315
47 18 254
9 21 375
2 31 180
39 41 382
40 8 80
2 26 48
15 43 128
44 25 334
22 31 182
17 37 311
42 7 127
13 3 459
31 15 458
6 44 333
8 38 19
44 11 96
39 30 331
32 21 224
2 22 437
19 1 106
3 42 245
34 13 14
47 4 109
39 18 119
41 14 229
1 39 404
24 17 289
20 21 37
19 20 136
1 5 145
28 38 387
43 18 203
13 40 188
5 49 226
37 38 233
39 28 431
47 13 92
27 1 261
18 45 499
18 31 175
43 23 408
27 31 266
48 28 452
20 28 425
47 43 102
49 7 178
34 21 434
44 9 314
14 43 500
5 24 206
35 14 429
8 11 367
15 18 101
42 49 5
11 42 253
4 36 348
30 40 363
20 16 327
7 1 310
49 32 340
25 14 330
18 2 413
45 25 50
19 3 258
45 5 476
39 16 182
11 23 149
10 29 272
22 47 476
27 8 13
33 29 355
3 25 231
32 14 422
39 12 26
17 31 449
27 19 287
39 44 151
8 19 441
4 22 442
19 10 320
42 17 351
24 40 233
7 6 269
19 7 482
47 49 483
47 40 104
13 49 209
46 38 411
2 15 391
39 4 455
21 28 214
36 18 58
42 5 285
45 11 21
24 44 176
16 12 307
26 42 278
48 15 332
3 31 53
42 15 12
16 21 8
18 11 132
45 38 496
14 16 470
4 29 182
2 3 285
8 39 161
38 41 44
49 4 31
15 41 435
30 42 500
45 44 218
37 15 419
38 16 235
38 13 137
46 36 136
14 33 498
37 7 441
33 45 393
9 26 231
39 23 186
4 32 180
7 24 478
9 49 116
41 36 385
47 36 376
11 6 307
23 33 471
