709 44 301
28 44 162
10 13 53
18 39 186
5 29 31
44 27 463
44 11 302
37 9 194
27 29 322
20 9 150
38 2 463
27 28 225
3 7 437
21 37 236
37 14 310
24 32 62
14 36 359
31 16 355
15 6 132
8 2 392
5 32 395
36 17 417
42 10 317
16 4 90
17 30 312
40 28 201
43 35 428
14 42 391
8 16 497
27 21 479
6 42 359
41 34 470
8 37 435
3 26 463
3 9 105
12 43 448
23 18 272
39 23 214
42 23 60
7 11 346
27 34 202
23 25 256
31 27 442
16 39 289
29 13 442
29 11 147
27 16 475
23 13 179
34 32 495
26 24 185
20 28 459
10 21 484
41 27 221
35 27 386
42 34 71
23 38 91
32 28 180
11 2 162
35 37 440
23 40 482
21 38 61
7 6 344
8 7 335
4 12 414
44 13 67
12 1 80
16 44 122
8 24 326
41 43 448
1 15 288
39 7 60
25 22 46
39 36 154
39 41 20
29 25 435
17 22 349
18 11 211
21 30 351
35 3 373
38 32 228
40 26 402
37 6 7
4 20 112
5 27 241
6 22 277
39 4 238
4 13 254
25 27 414
36 16 176
9 12 440
7 25 410
24 18 453
37 18 72
28 31 52
37 2 153
38 19 488
12 19 225
11 28 87
5 35 122
41 18 208
12 25 210
7 27 425
30 24 438
1 41 233
34 20 214
42 37 356
23 10 391
8 28 263
37 27 62
28 25 177
18 43 226
27 2 351
44 6 366
3 22 291
2 17 150
41 22 150
32 9 31
26 14 500
11 40 83
31 21 235
43 26 476
7 18 47
35 17 99
11 31 277
10 6 213
3 40 394
44 20 2
14 41 265
1 25 57
17 26 41
24 21 460
12 41 175
1 9 211
31 36 292
8 31 437
20 32 205
15 35 132
27 8 498
23 34 43
28 18 383
38 39 351
41 37 204
24 33 35
22 36 354
41 30 283
18 35 341
34 44 280
39 5 470
24 7 215
4 23 271
40 9 66
26 20 309
17 38 151
38 31 213
43 9 58
30 19 167
29 9 267
31 30 243
4 19 423
25 33 439
26 38 487
22 21 44
34 13 186
17 28 160
8 17 41
38 5 499
17 24 241
44 33 459
12 29 95
33 22 468
38 44 499
13 17 461
40 32 21
22 34 469
22 35 165
23 30 136
32 39 148
9 15 471
42 31 362
24 28 59
17 6 326
26 25 360
37 13 225
34 39 233
31 6 53
33 19 43
41 31 259
26 28 26
18 16 220
23 17 4
38 42 337
42 29 285
8 15 500
33 37 367
44 30 397
29 15 269
39 35 70
38 29 470
44 25 175
28 30 18
42 20 64
43 39 374
3 16 482
31 26 54
27 36 56
2 14 38
25 17 397
36 3 151
1 31 452
20 24 432
32 43 455
30 26 274
36 23 372
5 24 333
39 19 262
40 36 384
13 3 206
1 34 493
19 32 227
35 38 136
22 8 233
29 43 4
17 29 193
23 31 272
24 15 172
15 20 30
19 25 467
13 7 407
3 12 18
33 14 187
13 16 217
34 26 236
8 39 236
38 20 490
1 13 359
33 21 84
22 10 63
7 2 11
44 41 277
20 14 425
43 40 481
39 17 287
39 14 119
24 12 351
26 37 82
23 35 204
8 32 89
35 10 494
16 35 424
7 17 12
23 14 279
7 40 377
21 40 494
5 33 119
36 8 235
4 7 306
30 8 15
33 32 65
36 24 314
28 13 376
24 25 144
40 10 72
19 44 116
12 14 155
31 37 420
30 42 236
34 16 38
17 5 104
21 26 139
12 27 74
25 14 432
3 39 264
43 38 190
10 33 452
1 5 494
42 27 420
4 31 14
27 32 71
6 11 63
12 5 496
10 3 204
11 38 152
22 1 283
27 39 250
19 14 248
22 24 14
26 11 22
40 5 129
37 19 315
29 23 203
31 10 480
21 35 46
40 39 126
2 26 248
33 42 32
44 24 388
1 40 370
20 29 77
13 26 16
28 33 3
1 4 400
37 16 491
14 38 361
18 10 164
37 1 304
22 20 149
12 7 356
33 18 186
39 29 156
9 18 117
2 9 344
36 38 250
2 28 307
6 12 167
37 22 117
24 9 203
38 41 105
22 31 322
7 36 171
37 11 107
36 2 121
40 35 226
20 43 131
19 13 59
35 24 118
38 24 287
35 4 133
41 25 227
1 24 64
24 40 388
13 20 102
17 32 155
14 9 396
36 44 314
27 19 180
31 13 347
6 26 242
27 10 312
37 39 314
42 35 334
30 33 326
29 18 198
3 1 123
41 15 171
5 16 351
29 34 128
32 23 425
30 37 45
7 5 60
22 23 462
35 19 127
14 27 97
26 4 87
8 5 213
23 26 435
36 13 236
39 21 187
25 30 499
13 2 20
36 25 221
27 26 140
29 37 82
31 20 427
38 13 78
25 10 470
13 6 474
7 20 448
35 44 379
5 4 255
7 37 410
34 4 64
17 11 7
18 19 173
15 4 254
17 37 203
40 18 369
24 39 51
43 6 240
35 41 125
27 43 222
13 21 280
32 1 261
35 31 39
16 14 269
40 17 443
16 43 123
19 36 408
5 18 74
41 4 452
24 27 453
37 15 220
29 1 354
6 8 34
15 7 206
17 31 113
2 15 278
31 19 261
4 33 378
28 29 12
16 33 265
2 3 150
1 6 212
4 40 107
27 13 265
1 42 367
3 15 311
23 27 209
17 12 329
15 42 171
11 42 166
39 33 168
13 15 202
22 19 21
38 8 45
16 38 259
11 22 195
10 26 196
8 25 370
11 13 131
13 30 488
21 2 205
44 37 90
11 19 23
42 44 435
10 44 195
44 14 109
30 1 211
31 24 341
11 27 130
14 3 102
13 35 190
2 25 362
21 25 211
15 12 450
33 26 34
41 3 345
38 7 104
42 2 12
8 43 94
15 18 345
32 31 16
12 30 55
8 9 341
39 13 137
22 13 333
7 33 51
39 6 403
38 40 112
10 15 120
32 41 240
6 5 108
25 31 59
35 1 32
36 5 233
10 41 233
29 21 351
40 25 443
16 15 55
26 22 345
18 22 179
17 20 382
11 41 339
42 5 349
43 19 107
17 43 424
9 33 443
36 33 392
30 16 128
20 25 452
30 29 331
12 38 299
36 15 477
28 37 231
31 34 244
7 28 141
34 6 107
4 6 186
27 9 204
39 26 272
18 1 309
2 31 56
35 26 37
15 27 113
9 41 474
44 1 104
13 43 336
40 2 65
40 13 219
27 1 435
5 43 110
41 6 384
33 29 45
12 10 175
1 8 433
18 38 224
8 29 404
44 23 368
35 12 281
4 30 492
19 1 83
21 16 495
40 42 84
23 9 328
25 37 34
2 1 233
42 41 380
13 5 247
35 6 264
20 3 407
23 19 88
21 28 211
44 5 9
16 24 263
14 8 412
7 42 124
7 34 72
21 8 447
36 43 338
32 22 230
7 32 367
23 8 169
3 8 112
5 31 141
34 25 98
2 16 418
10 20 32
12 42 395
43 31 243
9 35 454
23 20 148
35 33 198
21 9 122
24 3 60
33 15 397
21 44 339
2 29 112
21 7 24
29 4 364
5 14 429
12 2 420
10 5 264
36 9 443
20 5 383
15 25 390
43 25 351
28 43 160
30 27 451
31 33 56
29 16 62
29 40 411
41 19 445
36 35 130
33 1 372
3 17 302
25 42 423
28 41 352
9 22 177
34 17 183
31 29 149
21 19 362
12 39 388
18 42 299
42 36 235
25 38 337
44 32 396
2 33 234
10 7 316
3 6 401
16 23 15
28 9 235
37 43 439
44 12 135
15 40 293
7 9 90
35 28 292
38 37 14
30 10 309
43 4 29
33 27 343
34 3 343
28 34 406
31 40 296
28 23 162
34 18 355
27 38 91
41 21 183
9 31 11
36 4 375
30 43 226
19 26 468
20 40 114
32 6 125
30 36 92
24 34 377
11 12 160
9 25 32
17 10 151
38 9 301
16 10 65
22 39 311
9 11 93
1 20 309
36 29 402
10 28 169
32 4 433
30 11 79
11 43 58
44 4 159
37 4 477
10 8 348
21 15 170
44 40 273
9 10 141
19 29 398
42 9 2
6 28 48
9 17 391
43 14 232
2 39 345
7 16 37
28 39 19
35 8 73
43 34 45
11 14 253
21 11 380
27 17 408
20 37 241
26 12 21
5 21 106
32 15 460
34 30 492
33 6 202
34 40 403
35 20 175
19 2 426
32 12 40
3 21 408
39 25 310
25 4 363
24 23 341
41 23 222
42 8 271
12 22 274
14 24 352
41 29 388
31 3 89
38 33 477
40 19 248
11 15 338
2 44 130
36 21 433
8 13 31
16 26 171
35 34 301
26 9 189
16 6 413
5 30 16
8 26 381
2 4 206
44 7 315
12 20 131
1 39 343
16 41 342
21 34 258
15 44 60
22 28 371
37 36 413
34 37 409
24 13 217
12 31 78
17 44 234
6 19 453
42 16 239
28 1 256
8 19 193
19 15 414
30 18 345
15 30 175
32 37 251
17 33 277
4 27 272
41 13 98
10 34 198
7 22 84
10 2 152
27 20 497
25 13 336
23 3 218
5 9 89
39 10 140
7 26 3
40 37 2
8 44 35
42 3 377
29 44 244
2 5 311
28 36 273
34 2 287
34 14 40
28 38 99
2 35 342
4 18 276
28 3 359
31 18 8
24 2 453
19 5 96
23 2 98
16 32 47
18 2 286
44 43 174
