378 28 274
18 3 357
19 14 162
22 6 232
15 5 209
15 24 478
24 17 491
23 27 366
4 11 310
5 19 424
7 24 311
18 1 243
12 2 283
27 3 435
11 19 475
20 17 402
25 27 98
18 27 212
21 13 370
12 19 26
27 7 149
26 7 232
20 7 338
9 20 420
12 15 81
27 28 66
10 12 10
14 4 350
14 3 404
28 20 331
28 22 85
9 14 47
10 25 204
5 17 155
7 28 478
3 9 213
27 17 443
25 7 130
7 1 35
6 3 329
13 11 11
18 13 398
7 13 17
4 28 245
24 28 146
11 26 47
18 15 269
14 11 378
23 7 167
2 23 29
21 15 307
5 22 107
22 3 42
11 2 401
28 3 238
14 24 136
15 28 27
4 16 415
9 19 320
18 26 36
23 22 438
25 22 315
13 12 473
6 2 53
21 11 459
1 17 305
7 9 230
11 16 376
17 12 189
6 15 411
25 3 13
1 3 367
26 2 22
9 13 262
22 14 408
12 25 344
1 19 23
8 22 371
25 28 136
25 4 439
18 16 357
10 14 370
12 14 234
26 28 302
27 24 368
3 2 102
21 26 240
25 23 147
8 16 229
16 6 412
17 15 491
3 19 419
22 27 104
24 1 189
22 10 216
21 24 196
21 23 217
2 4 162
10 23 108
21 22 105
16 20 38
28 17 233
16 24 456
8 1 89
22 1 309
21 6 23
13 8 263
14 18 398
1 12 439
21 17 157
4 10 440
1 23 372
28 21 469
2 7 232
2 10 219
23 26 488
24 6 317
20 26 336
4 3 145
26 19 102
16 2 236
1 6 327
17 10 194
4 27 414
3 21 469
1 20 41
24 9 403
6 12 26
10 5 275
11 6 349
11 24 206
5 2 236
15 20 314
18 19 40
20 5 359
23 11 331
22 17 421
1 28 395
27 2 210
7 6 147
20 10 303
25 17 417
12 26 401
1 26 165
24 3 278
22 9 176
18 22 293
4 9 253
21 8 224
2 15 17
3 16 134
5 9 308
20 21 245
3 17 43
21 5 265
8 24 207
23 19 215
10 11 173
16 28 378
18 28 15
12 3 71
15 3 197
17 7 418
9 2 246
2 24 447
4 21 454
17 6 466
19 4 340
22 15 163
13 20 195
7 3 258
8 7 284
5 23 241
14 5 62
11 27 28
10 8 463
10 6 216
24 25 270
19 8 398
26 25 13
9 11 152
27 6 3
14 23 268
22 11 31
4 26 96
19 24 111
8 4 436
12 18 145
24 22 366
5 1 365
19 27 292
7 22 116
18 23 475
5 27 453
3 10 235
3 8 455
18 21 96
5 8 137
15 8 65
14 1 339
7 14 375
13 2 474
21 27 414
15 27 63
19 15 47
18 5 178
25 16 167
12 27 248
1 15 145
28 9 430
11 15 354
15 13 326
24 20 101
7 12 254
19 10 291
28 12 288
23 4 195
9 21 69
6 8 137
19 13 313
21 16 439
27 8 390
10 1 79
23 6 280
24 13 144
25 18 406
28 23 330
26 15 81
14 28 338
9 12 190
7 10 119
13 10 422
14 17 84
25 6 153
22 19 166
20 2 473
20 6 344
1 25 139
13 28 326
5 28 213
7 4 174
8 18 380
7 21 39
12 8 430
7 16 411
21 25 320
27 16 83
26 14 405
18 4 324
24 26 82
7 15 463
8 28 500
26 22 86
9 25 41
20 8 51
19 16 361
5 16 491
1 16 236
20 23 108
19 28 1
8 9 12
27 10 353
18 17 250
28 6 161
15 10 171
22 2 98
6 13 75
12 16 407
18 11 153
13 22 467
19 7 240
10 26 68
17 4 344
2 1 214
14 25 340
11 12 495
16 23 15
3 5 474
21 12 43
5 26 191
12 23 184
2 21 491
13 1 408
16 10 146
17 23 443
12 4 2
26 16 461
27 14 225
19 21 210
1 4 190
9 6 135
18 6 191
15 23 469
4 13 359
11 25 343
13 16 101
25 20 202
21 1 21
15 14 163
25 5 395
17 2 221
24 4 178
7 5 191
3 20 151
13 5 409
3 23 70
11 1 5
8 2 239
9 27 282
27 1 480
22 4 375
15 16 117
18 10 53
17 16 323
20 14 379
8 26 66
3 13 35
18 20 292
27 20 5
26 17 31
23 24 174
9 17 397
15 4 84
9 18 422
11 20 283
23 9 323
16 22 412
17 19 314
14 6 86
6 4 212
5 24 124
24 12 23
19 6 210
27 26 317
12 5 308
25 19 222
5 6 283
3 11 425
14 21 4
8 11 85
15 9 6
24 10 145
2 19 201
15 25 4
17 8 206
13 17 268
2 25 252
28 11 303
14 2 62
22 12 110
26 6 201
14 8 114
12 20 375
11 5 162
13 23 177
11 7 48
5 4 154
7 18 240
13 27 343
17 11 332
20 22 314
25 8 235
26 13 228
14 13 161
2 28 475
18 24 129
16 9 9
9 1 36
26 3 8
25 13 84
21 10 291
20 4 179
14 16 411
28 10 488
26 9 102
9 10 251
2 18 228
23 8 93
19 20 452
