231 22 7
16 21 296
4 11 372
13 3 227
14 4 109
12 15 484
15 11 136
1 12 34
7 15 325
16 11 371
6 9 107
8 17 7
12 17 12
14 19 403
10 20 151
6 14 451
4 7 276
18 9 8
6 3 20
9 15 297
21 2 296
15 3 29
22 1 161
18 22 23
18 8 27
18 14 278
15 13 339
9 13 271
14 12 6
15 18 3
17 16 94
3 21 65
10 7 72
6 5 344
6 21 87
15 20 79
10 5 28
9 7 196
1 4 235
2 11 17
1 18 433
18 19 454
16 9 279
20 1 276
9 19 76
21 17 211
1 14 499
21 15 14
5 15 197
22 17 499
9 4 264
8 16 229
20 12 240
10 12 266
15 22 447
4 15 494
21 8 171
1 13 284
13 21 231
17 3 137
21 20 482
12 8 164
17 10 4
10 22 20
5 8 64
2 16 333
18 16 127
14 13 499
14 17 89
22 9 395
5 3 122
20 13 378
7 17 79
22 21 222
11 22 83
22 16 246
7 14 434
14 16 169
15 17 365
17 5 113
11 1 65
8 15 178
22 5 463
20 17 344
1 21 272
1 17 61
2 17 336
13 11 115
5 12 88
12 3 422
5 4 375
22 6 181
13 22 265
1 10 278
8 6 60
12 9 198
21 9 339
10 21 282
13 16 187
7 20 250
21 5 122
13 7 206
11 18 167
2 1 149
11 14 35
7 6 150
18 6 412
6 15 69
18 5 382
7 16 423
8 4 150
20 22 422
10 11 187
16 3 471
8 11 286
17 4 25
2 9 206
13 17 406
3 1 304
7 11 460
1 5 406
2 4 410
21 14 103
9 10 225
16 4 187
21 7 239
7 2 97
8 3 65
20 11 263
12 16 232
18 17 60
13 10 363
10 3 262
13 19 392
13 8 269
12 13 402
16 20 22
22 12 192
3 9 68
22 7 43
12 6 328
5 7 189
6 20 364
11 17 463
5 16 90
8 2 332
4 3 135
19 1 479
5 14 326
16 1 401
3 2 217
20 14 81
6 16 382
5 11 403
18 7 280
14 15 348
6 4 435
5 2 483
3 19 144
8 9 341
12 18 475
4 18 206
19 11 344
16 10 404
20 18 34
19 7 189
5 19 254
9 20 137
18 3 457
19 2 286
18 13 355
2 20 389
14 22 306
14 10 169
20 4 427
16 15 222
19 21 313
12 2 36
13 4 164
17 19 240
2 10 249
15 1 151
13 5 210
12 4 110
3 22 341
21 18 428
15 19 215
18 2 331
9 11 52
15 2 369
3 7 27
1 9 13
4 22 209
3 14 89
10 15 353
1 8 410
4 10 150
12 19 309
6 17 72
8 20 13
22 8 264
10 6 334
2 6 360
10 18 121
7 1 386
9 5 429
2 14 362
11 21 189
12 7 227
19 8 153
20 19 229
19 4 351
11 12 302
8 10 400
21 12 385
3 11 207
8 14 27
22 2 289
17 9 279
19 6 6
20 3 117
13 2 301
9 14 304
7 8 334
1 6 330
10 19 286
6 11 109
19 22 95
5 20 353
6 13 323
4 21 315
19 16 8
