946 44 169
38 36 148
15 4 457
27 13 23
39 34 443
25 6 427
33 16 156
24 29 305
17 14 125
26 29 28
32 38 185
8 29 78
38 33 288
25 32 174
38 15 434
6 39 415
38 28 182
2 12 80
7 19 290
35 27 437
31 3 329
1 36 375
36 41 198
18 26 233
2 21 487
35 9 426
16 10 467
18 6 390
30 31 482
16 42 306
18 32 349
3 33 150
24 27 115
9 28 233
19 12 162
8 34 79
11 31 301
38 13 102
14 40 84
24 10 498
23 19 410
7 23 64
13 28 249
39 28 470
34 15 98
6 2 243
14 8 491
12 15 427
36 5 295
44 8 2
23 9 253
34 3 124
28 7 331
19 34 311
9 34 152
44 32 255
7 35 420
18 34 122
22 31 167
30 11 104
12 23 260
17 36 217
15 7 486
16 39 42
8 21 155
41 5 453
2 24 414
13 19 306
35 18 391
39 23 473
36 13 76
28 25 39
33 14 399
22 42 58
9 41 170
20 36 264
40 42 351
44 16 422
15 1 342
27 34 159
14 21 247
6 42 266
6 21 364
6 1 427
36 14 160
12 37 483
24 36 209
23 32 25
8 9 335
40 41 195
43 12 141
29 43 179
5 21 401
40 44 28
13 26 402
24 15 268
29 14 292
5 35 441
10 33 196
37 5 310
3 23 61
21 13 146
31 16 488
17 4 273
21 41 367
41 44 364
11 23 414
38 23 332
5 28 246
5 7 54
31 35 388
2 7 450
28 37 480
29 21 144
28 29 53
43 7 500
8 41 69
10 39 472
15 9 474
41 7 124
32 33 339
24 5 303
30 14 1
12 35 135
22 34 450
23 25 129
4 25 1
34 21 270
25 16 96
16 22 341
35 33 196
40 19 24
29 44 314
34 11 137
10 30 111
20 38 449
9 25 307
17 27 206
31 15 164
12 26 491
1 25 108
37 24 99
32 14 451
23 40 415
30 40 112
2 25 121
35 10 329
24 25 218
43 16 66
9 33 426
42 32 306
16 24 396
1 31 13
8 22 376
11 16 250
9 43 244
12 18 344
4 38 44
23 28 345
21 1 260
36 15 145
40 31 442
27 25 174
21 40 209
28 3 272
26 19 49
3 20 393
29 9 388
24 23 187
40 16 414
17 20 396
31 21 420
7 1 203
1 39 105
16 34 253
34 13 197
4 19 432
43 19 91
25 29 29
29 18 27
5 20 187
18 39 451
3 10 430
12 13 435
44 15 66
24 26 419
26 30 222
5 12 64
26 33 371
3 15 360
28 40 141
17 6 65
33 21 213
43 28 253
38 6 36
12 1 338
21 37 308
20 6 127
35 14 188
20 18 130
31 25 305
39 42 431
19 10 331
44 39 197
12 3 115
27 41 450
13 42 397
5 17 99
26 44 25
31 32 332
23 2 143
2 37 121
44 43 432
41 33 141
1 19 156
2 18 81
43 3 358
30 35 162
22 2 98
28 18 132
25 8 499
5 26 218
42 37 108
15 18 400
39 13 311
27 43 360
13 35 314
23 41 437
24 4 136
19 18 436
12 10 238
38 8 465
9 4 477
13 18 174
28 34 18
4 14 416
41 43 191
3 16 308
6 15 463
25 41 91
4 5 268
11 28 359
3 22 430
2 4 384
6 37 159
23 29 337
1 32 273
11 19 259
18 33 465
30 29 240
32 2 406
26 14 194
40 7 257
1 20 22
32 13 488
32 21 75
41 1 115
1 40 128
11 26 77
17 29 23
44 28 439
39 33 93
40 10 136
30 39 23
28 2 45
38 31 223
37 20 364
26 21 182
43 39 474
18 22 331
23 15 141
42 12 135
38 34 162
4 39 183
43 21 353
42 9 8
26 17 238
16 4 69
8 13 382
6 33 347
13 6 312
3 40 79
17 16 149
31 6 122
21 15 79
1 16 292
38 17 268
29 1 80
43 22 428
20 7 182
41 4 376
40 18 490
15 2 141
42 28 248
22 21 427
34 36 458
5 42 26
40 43 170
37 26 124
8 24 212
30 20 318
8 20 167
15 22 400
41 37 277
11 14 52
41 19 366
22 39 496
19 38 434
11 24 13
3 21 485
17 40 333
1 26 153
44 7 121
40 37 434
12 22 63
31 12 190
36 37 425
18 5 110
2 27 225
31 2 433
29 4 301
1 3 316
39 29 143
32 12 165
44 33 256
26 32 170
42 38 216
17 9 265
3 41 123
15 20 1
28 36 430
7 39 140
4 21 214
15 8 351
41 18 468
34 31 313
11 17 463
20 24 394
3 9 401
6 10 160
27 5 84
27 26 365
37 30 146
8 23 65
11 33 227
23 43 459
11 42 223
12 11 280
3 13 25
29 41 1
40 34 495
18 44 462
13 11 388
27 19 157
35 6 428
13 10 201
6 28 210
20 22 200
11 41 364
15 10 47
12 34 209
26 3 257
14 41 96
27 18 246
38 12 221
22 35 310
32 30 44
14 39 238
42 1 231
25 38 10
13 30 487
4 18 54
40 25 306
18 42 152
23 35 425
1 18 182
14 6 250
33 19 489
5 14 56
29 15 243
26 41 150
2 1 153
10 27 14
9 26 492
37 3 321
23 26 295
40 26 264
41 31 302
22 30 414
37 9 231
27 14 243
32 8 304
21 39 92
4 11 40
6 29 394
21 20 346
37 19 166
42 30 174
39 37 283
8 30 179
6 9 120
32 24 301
32 41 120
17 2 267
33 22 238
3 29 336
9 21 255
3 11 116
38 21 460
10 7 272
10 8 186
40 29 125
6 7 174
35 36 119
44 4 184
2 29 365
23 27 450
20 2 127
1 11 48
17 34 378
21 11 108
19 20 193
25 12 355
12 30 180
21 18 170
34 24 247
17 19 18
18 30 293
24 35 78
13 5 282
44 12 459
4 1 269
12 40 311
40 11 265
22 1 343
31 10 101
37 29 304
21 25 98
12 41 216
27 44 207
2 5 23
43 13 53
3 7 92
8 17 320
13 2 350
35 21 4
18 8 326
31 23 258
13 41 421
38 22 459
44 3 66
37 38 193
25 37 320
22 11 203
43 33 29
3 19 384
25 39 351
25 10 49
16 9 332
41 20 5
36 27 402
18 7 5
9 30 102
22 40 434
42 43 235
30 38 479
7 30 150
4 10 356
16 15 167
2 34 294
1 37 48
23 33 126
19 5 117
25 3 52
32 5 322
39 35 351
4 20 407
36 40 353
22 26 407
7 16 140
37 17 42
38 26 328
6 26 5
10 37 353
31 44 15
22 19 299
6 40 326
44 20 217
20 9 409
39 12 39
34 20 496
15 43 161
11 37 376
12 16 336
5 30 316
20 39 8
27 31 67
41 17 354
8 42 410
3 35 308
2 39 221
38 24 426
32 37 491
21 7 256
29 10 363
27 1 360
42 3 329
36 18 291
33 20 434
29 11 170
22 17 41
4 12 63
24 40 159
32 4 140
43 17 107
16 20 77
16 38 336
4 26 477
2 9 420
1 14 418
43 30 233
34 33 452
5 40 442
14 43 206
28 15 70
29 5 184
23 21 368
2 14 213
35 42 182
20 31 115
18 9 464
10 41 91
26 36 491
19 31 144
3 5 401
36 39 484
32 20 390
27 37 201
6 16 245
28 22 289
29 35 404
14 7 365
14 23 152
7 33 39
2 36 172
35 19 289
9 12 178
38 10 440
37 31 442
20 23 93
27 16 478
24 14 367
15 42 388
40 38 33
9 14 428
31 5 343
7 25 296
25 43 6
33 31 376
19 28 282
35 40 88
32 10 202
2 43 324
27 9 92
27 42 96
11 2 359
31 43 300
21 10 269
10 18 425
32 27 67
39 27 21
43 11 333
9 5 140
3 8 471
44 25 72
33 27 115
23 6 134
31 42 441
32 39 291
35 1 454
17 28 447
14 22 383
39 24 269
25 42 253
4 42 396
30 28 334
16 13 202
43 38 116
10 34 280
37 8 426
23 5 428
20 27 92
7 34 319
19 29 275
13 31 418
8 28 340
13 7 132
3 2 489
22 29 477
1 9 36
33 40 217
9 22 247
2 40 453
26 31 259
41 24 279
13 40 18
22 13 202
18 43 173
40 15 271
8 1 348
18 3 359
14 34 43
41 28 218
33 13 235
9 11 263
39 19 215
2 30 62
42 44 500
34 32 489
25 33 284
18 11 299
6 12 9
18 25 487
24 18 95
14 25 167
13 24 409
1 34 31
8 6 239
6 22 170
28 26 123
44 9 259
14 16 128
25 20 5
7 31 347
38 7 456
44 34 206
42 41 497
17 35 332
13 17 493
6 36 354
22 7 203
44 17 237
20 26 10
28 16 283
16 19 306
37 43 409
30 44 140
20 12 168
28 27 460
35 11 232
17 3 326
14 31 226
9 39 456
6 34 259
15 5 51
44 13 299
38 14 352
11 7 356
24 33 76
13 14 424
43 26 185
33 36 473
18 38 420
17 33 469
23 30 493
14 12 357
12 7 375
3 38 167
44 10 129
34 26 198
35 26 346
44 37 348
28 24 198
31 28 250
10 1 392
38 5 122
7 17 31
41 35 162
18 37 214
15 25 350
30 3 193
6 5 212
8 31 460
19 14 285
32 35 324
44 11 302
32 11 286
35 28 243
2 33 233
35 44 491
17 24 272
22 41 363
1 33 26
30 25 244
27 30 426
16 29 107
30 24 33
27 40 286
38 9 16
10 23 68
10 42 114
42 21 315
36 21 133
39 11 12
9 19 20
17 10 489
16 18 73
36 11 467
29 36 354
27 12 406
44 2 342
7 4 381
15 39 290
34 4 36
35 16 245
4 30 473
12 17 177
34 25 7
36 43 188
35 38 25
30 21 81
15 19 458
19 24 206
29 38 94
3 39 56
6 32 63
43 4 125
17 39 268
16 2 160
15 41 161
1 28 339
7 8 96
10 5 269
36 25 128
13 4 60
24 44 37
2 8 296
3 27 187
12 36 382
13 25 393
33 15 350
21 44 40
23 13 238
14 15 76
15 17 146
39 31 262
31 24 153
32 16 272
10 26 163
21 24 254
37 33 488
17 30 382
8 5 155
31 17 493
25 17 68
22 36 117
24 9 127
4 6 451
1 24 436
21 16 472
35 2 63
14 3 125
19 32 388
36 3 103
22 4 268
38 1 220
16 41 380
12 24 217
2 19 280
8 43 377
7 42 208
25 5 132
17 18 344
29 42 98
34 29 494
41 39 42
40 9 257
38 2 455
15 27 278
34 30 185
6 3 407
15 30 443
40 20 180
16 30 468
31 36 44
6 44 232
40 8 372
1 13 210
32 28 383
13 37 450
33 4 455
7 24 408
23 18 411
26 15 255
38 39 406
14 28 436
4 27 410
29 20 99
35 15 477
4 37 28
25 19 140
11 8 56
34 43 178
30 19 89
18 31 130
36 10 363
39 8 31
30 33 422
28 20 312
28 10 73
28 4 178
24 42 411
34 5 237
5 1 113
19 36 418
14 10 240
7 37 63
11 6 222
44 36 110
34 23 241
27 29 331
26 16 424
26 7 183
42 34 495
20 10 333
5 43 426
15 11 198
36 42 384
23 37 12
21 27 430
16 8 315
31 4 77
6 30 161
31 29 66
22 25 298
13 20 63
22 10 157
15 32 272
30 41 4
35 25 202
15 37 405
10 11 230
2 41 60
19 21 179
27 11 278
29 13 78
16 37 343
44 1 268
44 22 140
23 44 383
1 43 208
34 35 310
43 24 441
10 2 476
8 26 406
12 33 399
8 19 30
19 42 310
38 27 463
28 12 481
5 11 386
15 13 208
24 3 290
44 19 202
17 32 295
34 37 385
7 27 378
5 44 389
24 6 128
27 22 131
35 20 257
36 16 482
32 40 323
20 43 234
14 20 440
1 23 23
12 21 365
13 9 311
29 12 120
38 11 472
5 33 317
8 4 115
12 8 162
5 39 25
6 19 244
36 23 192
34 41 68
9 10 276
21 17 175
37 14 3
3 32 202
9 32 82
23 42 466
21 28 101
41 6 148
8 35 451
2 42 330
22 37 157
26 39 122
30 36 21
14 42 409
35 43 289
10 43 268
9 36 390
40 4 420
27 8 452
28 33 156
23 22 190
39 40 475
22 5 239
42 17 268
4 35 182
9 7 108
24 22 280
33 29 256
7 36 298
32 29 41
17 23 451
42 20 252
43 32 147
1 17 275
23 16 422
1 30 132
32 22 443
11 25 156
16 5 55
27 6 496
36 8 140
20 11 322
14 44 94
25 26 61
6 43 253
38 44 59
23 4 438
33 42 154
36 32 453
26 42 111
41 38 336
14 18 143
35 37 312
7 32 185
8 33 59
29 7 253
3 4 461
9 31 406
2 26 241
36 4 350
