846 48 57
40 43 202
40 27 288
48 29 265
28 2 416
17 14 472
47 43 420
39 19 197
20 29 242
34 41 182
11 39 480
15 4 434
33 47 243
4 47 373
15 18 447
25 19 148
33 40 432
27 10 59
42 26 228
38 32 84
47 26 62
17 33 266
7 24 23
38 40 59
3 13 442
15 10 439
45 8 185
17 18 61
37 27 357
16 21 116
35 9 419
24 5 143
7 14 124
14 15 346
48 15 322
26 46 333
43 46 279
21 41 420
45 33 409
4 28 140
35 42 293
25 21 238
30 4 284
40 15 397
40 35 283
5 2 149
32 1 109
38 41 477
10 5 13
31 42 130
23 5 309
44 6 412
4 38 109
9 32 286
10 13 94
13 44 395
22 45 239
3 25 139
21 34 386
43 3 79
41 24 96
10 6 461
32 40 198
27 48 415
45 21 84
15 24 380
18 13 158
43 44 334
33 25 152
20 17 493
8 12 8
5 41 150
26 6 218
9 40 191
42 3 78
23 48 434
31 22 285
17 16 249
16 10 180
8 41 377
7 16 68
24 18 485
7 28 251
2 43 424
37 46 122
17 6 265
33 3 271
7 25 38
31 28 355
19 44 493
20 27 54
6 12 271
46 33 182
46 27 398
5 21 218
47 2 474
7 45 206
19 41 140
10 3 308
28 9 228
19 3 244
18 41 80
35 1 347
26 30 50
22 12 138
44 4 210
28 32 265
31 43 287
10 32 193
14 34 219
27 11 289
39 14 209
15 33 276
9 23 293
22 8 79
39 36 465
20 23 188
36 8 14
10 22 456
32 3 24
28 26 281
21 46 129
43 41 127
19 18 263
38 9 13
29 26 179
5 31 170
33 11 245
35 33 163
16 9 76
35 19 105
23 26 355
31 41 279
10 12 348
36 9 52
5 7 488
29 14 454
30 47 294
11 7 391
1 43 202
21 18 469
47 16 375
12 11 397
33 31 84
25 44 111
44 30 310
16 32 374
48 1 152
17 4 363
10 47 248
8 33 170
18 3 329
28 15 181
13 2 463
44 17 92
11 5 194
21 31 101
12 48 421
38 24 11
41 35 191
7 47 195
26 5 45
3 46 363
35 38 396
3 47 474
45 19 250
14 32 96
42 6 32
16 35 70
1 37 67
13 33 285
9 46 27
1 46 98
12 18 432
20 44 90
10 44 433
2 18 271
1 47 141
23 36 385
36 7 123
9 20 148
18 10 216
8 42 309
31 30 452
8 48 431
44 26 214
7 30 499
10 4 212
37 20 437
18 33 35
34 4 167
48 19 89
37 39 245
5 35 203
33 42 443
26 40 360
12 21 276
26 25 415
23 45 439
26 20 386
12 44 9
39 9 342
30 38 468
20 8 152
29 12 460
16 42 240
1 16 371
32 34 147
21 35 118
13 46 137
37 41 41
30 22 207
7 29 185
1 17 94
40 28 183
3 24 60
24 26 62
23 3 317
20 46 460
32 21 187
19 28 475
48 38 64
25 10 50
32 18 414
17 19 487
32 17 335
41 7 110
32 7 329
30 15 118
7 27 224
12 5 244
36 35 146
44 5 159
4 27 127
10 23 461
47 5 338
43 26 428
27 42 147
42 17 255
31 13 189
1 3 476
30 1 184
36 1 395
44 28 393
22 32 416
15 13 110
3 36 346
12 17 438
48 2 95
9 18 106
2 44 453
31 9 3
46 44 416
23 44 218
45 37 246
12 14 352
24 48 332
7 15 130
44 8 144
30 27 369
22 9 282
37 18 206
38 25 218
5 43 374
2 39 61
24 34 430
38 36 2
34 31 267
48 3 192
15 21 45
27 15 63
29 8 392
1 31 247
36 11 10
47 35 325
23 35 438
7 10 281
20 45 188
3 26 99
14 42 445
29 37 200
27 25 438
8 16 32
36 26 37
4 22 37
13 30 33
15 42 64
11 20 25
40 14 327
32 43 429
35 20 32
13 36 409
48 11 185
12 13 92
14 47 399
47 23 108
31 35 462
48 13 12
8 21 431
12 4 387
34 12 443
12 27 232
47 20 171
39 33 321
4 16 7
27 41 304
10 20 339
42 46 82
22 37 253
23 27 499
35 32 328
6 31 476
39 45 124
30 11 71
37 5 352
24 21 288
44 9 342
8 43 386
12 41 77
27 8 1
39 34 30
1 6 153
48 16 207
23 32 421
47 48 17
11 29 19
23 21 346
33 24 256
2 26 112
46 29 12
34 20 176
14 30 122
32 13 237
15 16 147
24 46 270
39 42 259
18 47 429
31 24 317
39 3 381
1 20 74
44 40 441
14 48 299
36 40 360
40 22 180
46 39 60
20 42 303
29 10 210
35 44 295
15 12 500
44 39 474
29 33 202
23 43 112
19 2 121
25 22 323
21 3 214
21 14 291
36 31 166
47 36 422
14 16 285
9 13 188
25 18 464
6 33 73
34 2 304
29 44 385
41 33 320
34 10 469
46 18 65
47 40 39
28 37 315
15 35 12
5 42 497
16 23 17
37 42 65
36 5 191
47 17 113
37 36 300
38 3 294
29 16 499
46 34 21
47 31 36
10 19 428
44 42 28
30 33 394
15 39 370
9 1 45
7 20 51
35 7 482
3 22 271
4 3 471
1 21 93
18 42 303
44 22 485
5 14 381
34 29 115
21 37 476
43 22 383
1 39 224
43 12 123
29 38 105
8 2 320
15 2 380
18 45 443
29 18 111
20 28 278
32 42 10
38 43 107
47 34 25
26 1 274
37 26 94
32 19 277
33 48 95
37 8 429
5 22 466
34 18 439
45 34 61
10 1 408
31 39 375
33 5 351
14 13 2
29 45 214
35 8 374
3 30 314
39 20 321
12 3 200
31 40 15
18 27 33
1 2 341
37 40 367
40 17 202
21 30 27
2 6 148
2 16 105
3 37 85
21 27 312
5 32 457
4 36 497
31 4 416
13 11 395
33 38 12
48 9 301
21 17 84
28 45 31
7 48 79
13 43 47
30 16 480
43 39 422
45 27 63
46 40 409
34 19 244
20 33 231
46 8 357
40 6 34
25 5 377
31 27 262
11 16 371
24 30 137
46 19 11
30 45 188
11 23 463
1 33 344
5 19 289
32 27 464
37 47 167
14 20 487
14 6 464
38 16 94
38 1 390
6 28 204
6 36 159
43 10 147
17 38 250
14 8 254
1 14 401
29 36 364
30 9 173
17 25 444
27 43 103
42 7 112
6 34 493
24 14 382
23 29 69
43 25 415
17 34 333
27 26 255
36 15 175
45 42 130
38 8 244
43 20 272
10 30 36
31 32 457
16 31 183
41 14 417
29 30 249
27 16 480
29 2 131
27 3 399
2 35 136
12 2 462
44 16 338
5 45 302
25 9 20
45 46 395
12 19 318
3 8 290
43 37 53
28 33 38
2 31 381
32 44 301
3 44 112
10 11 137
26 45 398
25 16 370
33 9 332
25 32 217
32 24 109
39 10 37
33 16 274
37 11 79
31 8 323
9 26 269
25 23 469
20 6 101
31 18 106
9 12 115
26 11 141
20 40 305
17 8 73
26 38 118
33 4 104
42 41 145
23 30 425
27 13 408
33 37 146
34 40 466
43 45 478
21 29 334
42 28 198
38 12 379
39 21 278
7 34 251
39 29 215
8 7 24
29 19 340
18 40 140
43 36 165
34 38 30
27 5 475
15 45 466
40 10 482
24 10 476
39 28 348
25 34 307
40 7 55
30 43 264
24 16 82
39 35 323
17 36 430
24 12 383
44 45 294
30 37 459
21 4 358
3 31 116
5 48 337
22 36 76
14 33 401
3 45 17
33 36 421
41 39 296
40 19 201
26 22 328
17 37 396
15 31 155
39 47 459
6 47 198
2 11 225
27 2 438
23 1 81
26 12 369
32 45 438
32 41 440
15 11 66
18 43 225
32 2 344
13 24 401
16 43 41
3 40 88
37 14 293
5 9 142
28 30 487
25 8 93
39 12 16
1 15 287
8 13 172
8 11 484
28 27 189
35 26 363
26 39 89
47 41 256
25 2 327
45 1 164
41 40 125
8 6 258
48 35 82
31 29 83
15 3 408
41 28 339
17 11 417
26 48 316
29 42 118
15 46 244
9 10 497
17 48 160
14 18 463
28 48 435
19 37 154
32 36 28
10 2 317
25 4 389
42 48 263
25 6 390
8 34 222
7 38 269
46 22 329
29 24 272
7 22 131
20 12 228
13 25 29
47 25 4
6 13 65
41 10 392
26 31 467
21 6 411
37 13 118
9 17 193
3 35 226
3 28 100
2 38 109
18 4 82
20 19 499
33 43 199
33 44 317
9 6 455
28 17 478
28 36 77
3 20 35
17 26 88
4 26 234
42 13 102
6 32 270
46 35 115
6 45 356
38 31 26
18 28 495
40 5 195
6 48 54
36 45 257
47 46 298
4 2 140
43 35 50
11 32 381
20 31 288
33 26 265
43 4 329
14 22 94
42 22 120
19 11 243
23 12 134
46 17 160
37 38 345
33 21 126
41 20 61
42 25 60
7 21 277
24 25 15
48 36 221
33 12 358
28 14 4
40 1 228
11 41 441
21 48 134
47 21 392
24 47 265
20 36 262
27 44 402
22 15 162
28 22 147
1 25 217
23 18 90
39 38 437
35 28 128
18 35 116
24 23 480
15 41 111
26 18 324
6 4 462
9 4 118
5 13 311
11 28 367
7 31 244
1 19 473
37 6 124
37 2 496
44 18 33
41 6 155
29 27 255
43 34 118
6 38 94
27 22 412
13 47 170
12 32 368
41 44 14
43 29 244
24 45 348
40 23 176
18 5 351
2 17 475
12 46 123
27 35 341
20 21 116
1 7 252
9 21 32
16 22 54
42 11 454
37 31 477
36 44 140
4 7 320
4 14 202
47 27 213
43 15 248
25 46 312
32 20 198
20 24 357
33 22 61
37 9 111
45 4 256
34 33 69
42 1 451
8 4 87
31 46 308
29 41 493
34 42 38
15 5 206
46 14 227
28 24 467
9 43 45
10 42 154
13 19 162
19 21 338
24 9 352
19 43 28
38 27 196
34 27 166
2 23 395
42 2 29
41 17 401
5 4 369
15 38 183
28 21 60
36 10 97
17 7 29
22 24 207
16 18 23
24 43 412
40 29 266
23 41 65
29 5 138
41 4 180
25 28 481
48 22 468
3 9 412
24 39 8
33 19 203
40 39 436
46 48 448
31 44 236
38 45 308
21 38 210
22 23 43
13 21 268
47 28 270
23 33 200
28 1 478
21 42 207
38 19 22
7 3 253
18 39 453
38 13 449
22 38 56
9 47 458
8 9 231
13 16 443
15 17 489
45 41 406
34 44 183
7 43 57
14 31 134
46 7 485
35 25 222
2 33 287
22 18 370
7 13 409
42 40 320
41 22 464
23 7 267
12 31 116
6 15 306
10 26 308
11 21 463
39 7 88
41 1 86
4 1 239
38 11 61
27 9 469
38 10 499
30 46 25
30 19 18
44 7 413
46 11 111
12 47 355
23 4 351
42 19 192
27 39 473
23 46 297
11 6 225
42 12 378
36 25 338
20 22 234
22 29 34
2 3 348
23 34 88
27 14 226
11 44 139
30 39 279
2 30 370
4 11 409
28 38 248
1 18 299
11 18 281
13 39 429
14 43 29
3 11 463
7 18 452
14 9 212
36 34 43
33 10 387
14 44 47
16 20 18
