703 38 283
33 30 249
16 3 270
29 28 433
17 13 60
21 10 152
27 15 432
36 30 216
33 2 360
14 5 40
6 18 396
4 1 333
36 14 303
21 2 340
1 6 281
24 4 175
13 6 293
10 8 453
17 25 371
20 12 422
25 31 411
10 30 37
29 37 319
28 27 490
4 16 142
30 25 160
32 22 158
10 27 369
9 21 177
32 26 262
18 10 109
16 34 134
5 38 369
30 16 403
33 35 17
26 2 356
9 11 398
13 27 500
27 19 371
7 28 40
38 35 356
35 32 216
25 23 2
14 22 337
8 16 115
2 20 333
17 18 96
7 5 372
37 17 478
6 35 473
29 5 201
34 28 364
24 25 319
32 27 109
10 16 196
4 5 491
38 10 204
19 15 271
26 29 213
38 26 281
37 16 188
5 18 326
36 27 116
4 22 484
10 13 416
14 34 203
9 26 49
33 24 172
16 13 282
7 11 444
34 36 456
37 9 359
4 29 462
14 16 63
21 17 386
5 8 14
11 36 306
37 12 452
13 32 239
31 3 214
20 18 186
23 20 491
31 18 364
36 25 258
23 27 8
37 35 395
23 37 135
23 30 298
26 20 1
19 11 198
21 20 76
22 3 448
17 9 107
6 21 198
1 21 232
10 2 270
8 34 376
8 28 406
8 9 452
11 16 483
1 18 116
15 33 398
13 33 330
27 11 302
38 33 23
22 15 301
25 2 405
36 5 494
15 1 85
3 17 489
6 33 373
28 36 297
2 27 314
35 13 264
15 17 95
37 34 494
35 25 133
9 10 337
26 23 71
28 5 500
26 11 162
6 37 242
21 11 327
12 28 26
8 13 319
22 2 37
32 7 320
34 35 428
12 31 260
30 27 168
29 9 386
32 29 247
29 2 36
4 32 22
16 17 483
38 18 239
32 33 87
8 12 137
19 3 235
14 19 103
11 12 496
33 37 58
2 31 249
12 7 317
35 22 114
25 27 149
19 28 163
32 14 229
29 17 94
5 15 191
23 28 201
7 21 386
28 18 149
31 32 39
17 6 253
37 15 394
3 15 162
28 4 421
6 5 124
27 31 104
7 26 381
27 18 292
36 35 268
9 5 106
36 22 80
34 4 122
30 32 248
29 1 410
9 12 199
15 24 19
14 31 2
19 31 282
22 20 422
35 26 155
32 10 495
25 32 433
24 32 458
31 22 175
17 32 361
8 29 84
8 18 421
17 4 131
38 28 463
26 27 79
5 21 421
38 30 12
19 10 251
30 5 211
5 11 462
20 28 147
8 32 247
24 36 269
17 1 150
7 6 179
29 15 318
5 26 275
16 20 465
7 31 61
23 1 4
3 18 233
34 3 327
2 18 418
19 5 315
36 8 199
19 2 187
38 3 356
6 2 238
30 17 418
20 25 70
34 1 178
33 22 121
21 14 69
11 10 443
22 6 18
34 31 440
13 3 412
11 20 133
34 29 377
14 37 37
27 3 417
35 4 55
23 11 297
12 21 244
15 7 71
8 23 419
34 25 403
3 24 96
32 11 90
15 12 389
30 8 224
24 30 5
29 16 302
17 26 88
36 2 484
2 7 11
37 8 459
33 1 9
19 9 375
23 29 236
5 1 114
16 21 15
21 4 104
34 12 246
19 6 480
14 9 390
26 30 410
24 23 142
31 1 457
18 22 222
33 4 90
30 34 334
3 21 96
17 33 457
19 33 384
11 18 250
9 30 189
25 5 497
12 14 285
8 6 453
12 6 355
35 11 309
14 4 308
12 30 382
17 11 457
8 2 77
35 21 237
23 7 272
22 23 71
8 3 462
36 16 297
12 1 255
16 25 94
35 31 259
11 3 204
18 26 25
5 17 335
26 16 213
37 18 201
23 17 39
3 29 217
23 3 322
13 11 411
19 17 249
14 8 499
9 15 357
10 17 432
31 10 432
14 25 397
35 7 88
21 33 325
3 25 386
13 21 24
27 34 136
23 34 328
29 18 267
27 4 72
11 33 255
18 15 438
15 31 208
22 26 306
30 35 359
8 22 325
30 11 325
31 38 375
9 31 21
22 5 418
3 37 389
24 35 326
25 10 489
16 5 266
37 11 99
14 23 172
38 24 166
3 9 45
13 26 236
30 28 158
7 1 286
8 33 364
3 28 281
22 1 136
12 35 275
17 28 67
20 29 122
38 9 466
24 28 256
10 33 102
25 7 191
7 30 236
25 4 411
6 3 312
13 15 283
13 22 281
21 31 126
21 30 157
6 30 21
6 28 49
10 12 126
34 13 455
15 4 346
29 38 320
22 10 286
28 1 37
36 17 33
22 12 134
14 38 247
14 6 73
31 26 83
35 23 36
37 38 296
19 7 126
13 14 220
9 2 155
32 9 383
15 23 130
4 19 192
3 26 156
8 38 296
27 9 80
20 3 396
8 4 228
31 28 375
36 29 66
22 24 388
14 3 343
10 4 63
37 30 316
21 25 445
2 4 350
38 4 369
21 28 18
37 24 208
19 18 326
23 38 458
16 18 452
20 33 181
27 5 440
8 24 179
15 2 20
37 13 22
10 6 100
2 1 313
12 23 74
8 7 3
38 19 320
32 2 387
29 24 67
35 28 141
32 34 185
17 27 26
32 20 400
1 16 362
2 28 155
8 1 356
8 11 202
1 38 20
7 38 202
38 12 428
15 38 79
23 9 147
29 25 221
6 15 444
30 1 178
20 34 196
24 1 412
6 38 279
22 30 450
27 8 290
19 16 189
14 29 164
10 20 245
12 3 294
30 2 325
1 14 387
23 4 53
18 4 56
1 13 158
13 36 256
4 26 439
7 4 482
6 36 250
16 38 106
3 4 141
24 18 164
27 24 426
16 33 153
5 33 435
15 21 214
35 2 372
11 6 295
22 17 316
11 2 482
36 9 13
25 28 391
6 16 411
35 16 370
19 20 420
2 16 5
15 11 15
29 10 18
3 32 26
34 22 49
6 24 21
13 4 357
37 28 470
1 37 498
10 36 484
34 2 225
5 35 303
28 16 475
9 6 359
21 24 352
16 22 313
12 33 179
1 11 22
11 4 102
26 28 164
24 17 280
12 19 11
14 10 237
20 9 415
19 22 243
36 26 258
25 15 487
38 11 105
25 37 390
31 24 160
18 34 23
13 30 212
34 11 103
15 35 489
24 2 394
3 30 110
27 7 121
18 21 165
18 36 476
34 21 389
14 17 73
33 26 84
24 5 11
1 36 339
38 25 224
7 24 235
15 34 157
22 21 421
32 16 483
12 24 117
13 23 86
32 1 410
31 20 137
30 15 265
4 36 117
10 37 274
30 29 96
1 3 433
15 28 320
16 27 114
4 37 244
12 27 193
9 7 39
24 16 63
25 13 457
31 33 108
38 21 209
29 6 373
26 37 249
5 37 455
17 34 335
6 20 215
21 27 411
37 21 354
37 19 377
21 8 325
14 35 309
34 9 175
12 17 301
5 10 464
31 23 412
22 37 221
12 32 466
26 19 188
1 26 325
18 33 133
20 14 164
20 24 233
4 6 62
21 26 174
19 25 14
20 8 129
31 17 100
7 34 490
21 32 392
33 29 86
1 19 71
33 3 336
36 21 45
32 36 347
23 19 36
11 14 40
31 11 200
13 20 137
8 31 265
14 15 443
31 37 189
1 20 53
33 25 46
30 4 128
28 32 278
19 32 52
35 19 469
7 36 420
14 18 314
16 31 186
4 20 31
20 27 424
20 37 365
5 31 243
20 17 491
27 22 180
17 8 499
35 1 67
11 25 310
26 10 218
18 30 475
21 23 375
10 24 15
33 36 371
27 29 425
36 12 132
5 34 331
29 13 11
27 1 386
35 27 173
15 32 110
21 19 235
9 4 117
6 25 95
13 7 86
25 22 119
32 6 382
35 8 217
8 19 207
12 2 319
22 29 360
30 31 133
9 16 486
20 36 388
11 28 221
2 23 105
13 9 374
29 35 419
12 4 444
10 7 51
36 19 197
23 33 107
10 1 17
32 38 247
14 27 329
13 5 159
23 10 12
35 20 141
31 36 186
23 16 491
22 7 491
32 18 162
31 29 36
25 26 188
29 12 99
8 26 30
36 3 48
23 36 428
24 26 41
13 19 423
33 9 103
37 36 273
9 24 316
19 30 107
8 25 191
37 2 448
12 25 61
38 20 185
38 36 86
38 34 7
3 2 205
29 21 385
18 35 489
12 13 268
6 26 90
31 6 351
5 23 62
23 18 402
18 13 80
8 15 27
33 14 87
1 9 20
16 12 500
32 37 336
9 25 209
36 15 114
11 24 64
13 2 112
33 34 337
28 22 347
25 18 323
10 28 317
31 4 370
7 18 425
22 38 94
2 17 309
3 10 3
30 20 363
6 27 316
27 37 280
6 23 42
24 19 320
26 14 155
29 11 131
35 17 161
28 33 467
37 7 211
25 1 362
34 10 145
13 28 433
9 28 359
33 27 437
38 27 16
3 7 148
24 14 489
35 9 455
7 16 55
34 26 441
38 17 98
24 13 172
34 24 343
7 20 224
14 2 311
18 9 219
3 5 30
19 29 268
17 7 100
5 32 473
2 38 294
28 14 243
15 26 272
22 9 474
23 32 125
3 35 70
6 34 156
34 19 247
31 13 262
2 5 128
38 13 39
14 30 231
33 7 388
12 18 207
5 20 235
5 12 5
16 15 410
14 7 411
22 11 216
7 29 51
10 35 281
20 15 498
26 12 235
15 10 463
