283 28 27
10 5 85
11 1 341
28 27 447
14 1 434
17 20 452
4 7 326
11 7 137
20 2 223
17 5 476
2 28 136
26 20 478
11 10 67
19 21 491
22 23 401
27 15 110
16 5 261
9 5 156
11 12 431
19 26 300
4 18 492
12 15 209
16 4 34
4 27 19
16 21 292
12 2 338
2 9 1
23 28 456
19 11 368
22 2 466
14 13 175
11 17 208
15 14 375
3 12 57
4 2 281
27 1 122
15 17 497
26 15 376
19 8 64
3 17 492
11 9 372
28 15 209
6 14 208
28 9 65
19 13 339
25 1 132
26 1 56
17 25 404
4 14 445
5 4 481
28 4 150
4 10 85
6 19 324
7 19 29
11 24 317
11 27 419
14 27 287
21 10 469
10 26 50
6 3 183
28 11 487
8 4 361
11 4 342
14 18 13
4 13 238
27 26 180
23 9 463
11 16 202
12 5 19
22 25 149
15 16 294
9 12 55
10 23 362
7 16 223
25 7 313
14 28 408
13 18 425
21 12 325
27 3 202
1 23 275
16 23 489
9 10 8
20 3 489
4 1 69
13 7 271
1 7 103
9 24 330
16 14 180
24 26 27
17 12 255
22 6 181
3 10 161
12 7 479
7 27 234
17 2 337
3 13 464
9 8 398
20 16 448
9 4 266
24 28 162
8 7 237
10 27 83
8 15 473
26 7 411
11 14 233
15 6 428
16 10 173
4 23 408
1 2 243
9 13 241
18 12 152
23 3 423
10 2 351
18 9 266
25 14 490
27 12 497
28 21 19
20 14 135
20 25 334
5 19 234
22 18 419
6 26 349
24 13 195
11 6 342
17 4 247
10 18 221
1 5 246
22 1 351
12 24 208
7 10 30
12 22 375
27 17 22
18 8 121
16 2 60
22 9 420
20 13 141
24 14 169
9 19 69
20 24 464
12 16 266
2 26 384
13 2 352
19 23 445
22 15 57
22 8 70
9 21 12
13 28 420
22 17 185
25 26 252
27 23 449
14 23 295
18 21 320
28 6 492
27 13 351
18 28 429
13 11 496
17 8 218
3 15 157
5 13 360
25 16 394
12 28 209
3 24 40
28 7 88
2 8 439
25 13 174
14 9 33
6 2 456
17 16 68
3 25 234
20 6 233
2 21 325
10 19 45
18 6 397
15 2 273
14 7 477
20 18 481
28 25 487
26 5 263
24 17 412
25 9 239
21 20 354
16 13 301
4 24 396
10 8 467
24 8 480
24 23 220
26 4 395
14 8 428
19 18 199
16 22 40
5 22 287
10 14 154
7 6 475
22 10 266
19 1 464
18 16 416
20 9 447
3 4 206
2 27 3
20 7 25
27 5 101
19 16 257
25 2 217
25 11 335
5 18 420
20 28 411
3 11 259
26 16 272
5 3 130
1 12 81
23 26 458
15 7 251
20 12 14
20 22 180
8 23 301
4 21 193
14 17 483
8 21 354
1 18 337
26 12 131
12 14 124
2 3 80
28 1 132
18 2 98
8 6 1
25 21 230
21 7 380
22 19 116
25 4 293
21 15 227
5 8 144
15 25 163
6 24 261
3 21 476
26 11 66
22 24 270
5 15 491
15 1 191
15 19 156
5 21 417
20 27 314
19 28 496
17 1 425
10 12 260
2 5 349
26 17 472
10 15 485
8 25 61
17 9 43
20 23 49
13 23 314
1 10 242
25 19 82
10 6 500
17 6 175
14 2 50
3 19 468
5 28 83
7 22 442
4 15 354
20 10 479
20 5 171
5 23 118
12 6 267
9 3 49
15 9 265
17 21 326
17 23 85
22 21 174
16 27 160
25 10 176
14 3 216
18 7 320
7 9 111
12 19 314
6 21 490
13 21 376
26 18 344
14 21 98
8 11 213
14 5 223
13 22 322
7 17 210
13 26 182
