76 18 191
11 12 301
16 15 127
5 10 296
17 12 461
14 10 453
5 6 384
10 18 328
4 2 156
15 10 429
7 11 220
12 13 216
5 8 475
6 18 302
18 17 322
6 11 397
17 1 461
14 15 46
17 10 366
4 16 462
18 2 147
2 11 430
2 9 401
10 3 150
12 18 287
3 9 280
8 13 61
13 2 472
15 18 72
3 4 21
17 9 32
7 18 135
8 10 427
13 11 448
4 15 106
8 2 284
6 15 336
18 16 77
8 15 284
12 9 50
2 10 82
8 14 280
13 9 28
5 11 437
8 17 110
17 13 398
18 1 288
16 17 324
4 5 254
14 7 89
7 3 266
8 3 219
13 10 75
14 11 257
2 1 278
18 5 58
8 6 472
16 10 192
15 1 88
16 8 406
16 11 210
15 7 70
2 16 211
1 12 186
12 15 339
5 1 97
14 6 170
6 12 37
5 12 312
4 13 153
18 13 247
3 18 255
18 11 276
12 14 29
14 9 392
12 8 287
3 13 466
