225 43 78
29 7 97
23 5 419
16 1 136
5 12 354
11 14 173
4 28 483
1 20 263
24 2 295
37 22 456
1 29 208
10 33 215
33 20 283
19 42 147
7 40 102
34 36 117
35 40 37
6 18 350
25 18 172
23 37 405
8 23 426
10 26 380
14 36 342
31 39 310
24 4 56
20 4 46
31 41 394
11 30 433
4 25 164
34 20 389
43 21 404
40 19 305
24 19 450
39 13 284
24 11 15
13 15 123
17 5 109
24 17 480
40 22 95
18 40 38
3 42 410
16 32 291
21 26 337
35 39 251
40 6 237
3 37 400
3 35 86
27 21 491
41 36 388
8 17 140
14 6 445
4 14 89
27 40 414
41 9 166
43 31 29
17 16 184
6 43 364
24 7 4
7 32 353
15 11 321
25 14 278
42 40 19
32 34 61
19 13 341
43 22 200
17 36 263
42 2 93
1 15 232
21 20 404
25 1 250
35 10 257
3 11 275
32 8 114
33 40 187
1 27 167
12 29 253
37 17 358
31 11 50
11 27 436
35 30 393
39 24 184
41 21 3
28 26 22
15 9 311
12 22 143
26 23 169
3 33 178
11 5 263
13 14 286
41 43 264
25 26 481
2 40 466
18 17 110
5 19 465
37 36 177
28 12 130
4 6 242
19 29 82
22 28 175
32 24 2
26 6 262
8 5 358
25 7 474
12 31 116
16 18 425
34 1 243
24 30 374
14 38 92
41 32 297
35 27 15
42 10 72
31 6 40
4 32 453
32 29 128
26 17 30
39 30 343
11 38 246
9 30 141
12 20 345
35 11 493
1 40 186
18 37 2
33 6 431
40 20 107
36 39 333
16 19 208
35 41 441
7 1 198
30 22 474
20 16 218
40 8 15
19 3 365
35 17 470
4 12 248
27 22 389
3 1 274
16 5 1
22 6 98
16 15 419
34 38 148
41 12 240
21 23 40
20 42 329
17 6 230
42 1 300
20 5 442
12 37 216
20 24 58
6 37 78
43 26 135
6 13 453
43 23 129
12 24 15
42 33 281
15 8 481
33 14 188
32 20 466
17 1 473
34 23 180
3 30 451
37 5 444
30 28 399
3 20 312
26 24 463
22 36 260
26 1 149
32 14 156
4 27 194
25 5 178
34 43 149
43 15 349
22 21 176
14 17 470
40 31 96
16 30 313
29 22 286
43 20 444
16 42 209
31 19 204
37 24 216
32 17 428
11 42 330
36 42 94
23 39 148
41 17 446
23 38 185
7 22 267
13 36 474
25 21 124
3 15 433
37 15 210
2 15 110
10 40 461
21 3 125
32 12 158
3 43 377
36 33 354
2 23 425
22 38 216
14 30 275
31 2 215
15 40 444
17 42 252
20 31 144
34 42 302
29 24 219
4 7 281
12 15 203
10 15 13
21 40 183
28 1 344
21 16 71
35 4 302
15 38 438
40 39 145
2 11 391
32 35 128
7 13 273
28 17 460
27 5 176
16 4 446
2 3 367
15 41 159
38 10 161
42 43 265
37 35 200
