351 27 14
10 17 65
2 10 132
12 20 281
4 19 150
7 24 363
9 11 269
27 14 289
8 27 91
7 18 483
12 11 426
20 22 148
16 3 80
17 18 62
4 1 315
6 20 448
22 6 20
11 21 169
24 10 1
3 22 21
10 4 437
11 1 276
7 3 155
14 13 118
16 6 317
19 22 9
20 4 50
7 15 89
12 13 334
18 16 324
20 26 433
26 19 190
20 18 218
1 2 147
2 18 308
26 25 416
24 9 321
16 25 51
13 16 412
21 3 236
15 18 329
5 1 365
21 2 206
25 15 14
6 11 278
15 3 204
2 25 136
17 22 235
14 24 310
26 23 352
10 15 486
12 19 405
25 11 52
26 16 473
7 11 236
15 6 147
27 19 70
23 16 154
4 21 54
20 23 447
8 16 305
6 17 377
2 7 223
10 3 149
2 16 262
17 24 20
10 7 121
22 14 484
27 18 45
27 16 431
19 21 33
18 22 324
17 16 103
17 8 72
26 8 106
11 5 399
11 24 174
19 7 12
16 7 37
17 11 150
23 6 153
15 14 193
26 17 469
6 8 311
5 26 7
15 21 134
5 15 222
26 18 223
13 25 93
3 12 335
12 15 238
17 23 238
21 16 192
11 20 389
14 2 76
17 4 272
21 7 463
14 20 275
26 1 289
17 15 78
23 22 273
21 5 48
20 15 140
2 13 111
13 18 498
16 9 373
18 23 486
23 15 304
18 4 101
13 3 377
12 21 124
19 16 388
3 5 245
17 25 98
24 15 60
16 24 156
4 13 340
20 1 29
8 25 32
6 19 483
27 26 402
21 25 238
24 5 39
1 14 458
4 15 211
27 5 392
26 11 50
14 12 409
12 9 249
5 7 415
7 17 426
24 4 294
2 19 255
21 6 487
10 16 198
23 7 315
2 24 259
10 9 227
24 19 224
4 9 489
2 23 144
2 12 290
4 11 46
24 20 382
9 2 32
19 10 434
8 4 169
2 8 218
2 17 123
25 22 267
14 3 63
11 13 69
10 11 187
7 13 452
17 12 250
27 21 37
14 7 97
6 27 254
12 16 288
23 5 189
20 16 271
26 15 437
10 5 97
21 17 166
7 9 326
26 7 248
26 4 19
20 8 335
6 10 95
7 1 27
22 2 268
26 6 232
1 9 436
24 27 237
24 25 417
9 3 378
5 4 116
17 9 285
20 9 280
15 11 462
6 25 370
4 3 237
19 20 10
16 1 442
18 5 2
3 27 356
10 20 225
19 3 326
4 14 245
6 24 337
20 2 111
14 25 244
13 15 146
8 18 326
11 18 406
26 9 288
27 9 262
4 27 58
11 23 198
8 3 496
17 5 71
8 1 129
15 1 63
1 22 96
11 27 245
10 14 318
12 10 278
5 25 65
3 26 455
25 18 253
1 19 478
8 5 165
1 21 3
2 27 146
16 15 373
11 8 11
9 21 29
22 4 343
12 18 427
10 26 308
17 1 207
1 18 477
23 27 464
6 1 16
21 20 432
8 9 231
21 18 282
20 27 454
24 1 457
13 9 233
22 11 431
15 27 328
14 6 123
14 23 332
16 14 344
20 5 217
26 21 78
20 17 16
19 5 90
10 18 205
12 23 362
23 3 42
13 17 265
8 22 3
16 22 240
14 8 15
12 6 416
12 7 171
16 11 499
9 15 304
23 4 27
23 10 386
13 5 32
9 6 136
21 13 145
27 22 216
18 9 416
2 3 452
19 18 84
14 17 248
6 5 64
11 2 365
14 19 8
12 24 303
26 22 18
22 13 480
17 19 485
1 23 499
13 27 325
24 21 301
26 24 474
8 13 143
26 12 4
18 3 26
12 22 59
9 5 216
7 25 440
5 2 372
1 27 204
8 24 178
25 27 4
6 18 290
13 24 40
19 23 406
10 13 207
25 20 406
13 19 28
17 3 93
10 27 373
14 18 278
25 19 8
4 25 391
15 19 461
21 22 325
6 7 2
26 14 340
2 26 197
3 1 280
10 25 245
11 14 424
21 8 43
23 21 103
5 14 188
10 21 264
10 1 281
4 7 316
3 6 470
7 8 216
27 17 326
4 12 276
19 11 106
20 3 83
6 13 380
9 19 39
25 9 68
12 27 22
8 23 332
15 2 330
8 19 217
24 23 456
24 18 300
8 15 313
25 3 320
2 4 17
24 3 473
6 2 28
4 16 253
9 23 409
9 14 466
20 13 493
16 5 435
4 6 337
20 7 497
10 8 197
24 22 324
13 26 170
22 5 129
25 12 8
22 9 268
12 1 15
11 3 104
13 23 233
12 5 340
23 25 102
8 12 187
13 1 475
1 25 147
14 21 36
7 22 405
22 15 105
22 10 284
7 27 291
