645 42 238
23 15 69
34 27 304
12 27 331
24 9 256
4 27 478
25 7 323
36 23 376
27 21 388
35 6 312
25 31 163
7 21 254
25 27 120
26 1 177
27 28 111
10 9 237
32 35 78
33 42 380
29 34 469
40 35 406
8 22 175
26 10 243
30 36 387
37 34 364
4 31 87
12 31 37
18 2 218
35 22 438
1 8 175
16 4 494
30 8 480
10 3 46
41 28 500
27 42 432
13 34 485
3 4 100
36 7 344
28 4 292
29 39 70
27 16 207
31 9 484
3 22 432
11 8 314
4 39 269
1 28 220
10 11 33
14 19 164
18 3 316
26 7 182
15 8 176
22 25 464
7 22 22
30 21 293
28 2 231
8 20 466
42 9 232
27 9 194
5 8 31
5 10 8
41 10 41
8 31 253
38 35 437
21 13 451
35 20 102
18 37 27
6 41 401
41 23 73
4 23 425
25 12 215
14 1 469
2 42 138
24 20 139
7 23 197
26 4 407
3 20 389
30 3 71
29 22 284
6 8 195
10 1 5
28 13 425
6 23 341
8 24 266
13 23 337
29 20 212
41 35 347
11 13 88
31 19 73
4 14 91
33 2 375
35 33 460
41 42 322
29 7 422
10 36 485
23 11 476
15 37 25
29 33 406
27 3 52
11 27 446
18 23 354
16 25 448
33 38 123
32 4 120
11 18 437
40 41 138
2 23 308
1 22 142
33 24 484
38 14 374
9 2 26
8 14 343
24 10 55
26 2 88
5 13 47
38 9 229
5 21 185
34 22 388
22 20 491
1 34 354
27 2 310
42 18 88
30 42 121
14 35 183
36 39 209
23 8 228
29 25 119
33 17 393
15 39 344
15 21 30
39 30 106
38 1 8
5 38 457
5 36 241
20 33 329
6 10 143
5 39 408
30 18 99
2 10 415
5 28 155
16 14 48
29 40 156
15 26 442
7 39 446
35 10 441
18 34 463
5 12 457
12 14 316
24 29 216
24 14 248
40 6 323
32 19 430
5 6 240
40 20 454
3 7 340
16 39 411
7 10 258
25 41 298
30 25 89
33 6 472
18 16 203
42 11 349
17 10 309
30 32 234
4 5 447
38 37 489
29 5 406
13 27 175
18 41 66
39 21 184
37 24 326
24 30 481
24 23 95
23 39 38
7 27 417
36 6 181
29 42 297
12 13 192
37 7 485
22 31 465
4 35 296
27 29 338
1 12 132
30 33 438
17 32 176
22 4 234
16 33 29
25 17 268
39 3 8
29 6 176
4 42 66
7 31 276
6 9 238
37 2 299
24 4 242
8 19 500
3 35 90
29 41 285
25 23 228
35 1 39
37 4 91
14 42 188
40 22 74
37 21 62
30 28 444
16 20 280
15 32 189
39 8 444
14 37 187
31 18 221
21 1 320
41 32 214
6 42 168
18 24 69
9 18 210
25 40 29
38 6 95
39 26 122
23 26 2
19 39 418
5 1 265
12 34 151
40 38 182
25 18 234
41 16 494
11 5 492
39 34 82
2 20 277
17 16 93
25 37 17
27 41 322
26 24 229
42 7 419
7 30 434
20 1 249
28 9 181
20 10 135
6 39 454
1 33 10
36 2 492
11 21 210
14 29 422
28 36 396
21 22 368
31 42 219
4 13 377
19 27 175
32 22 398
17 11 357
35 16 96
24 32 190
2 32 171
16 40 387
8 10 429
42 32 222
4 6 360
21 25 315
28 25 311
15 35 74
2 8 428
31 21 115
2 12 244
36 27 168
6 1 128
29 15 379
19 1 143
16 23 41
32 29 288
36 16 417
26 32 470
8 25 139
40 2 43
3 11 33
22 14 78
25 33 72
5 9 219
32 21 339
14 39 227
21 4 190
10 25 404
30 26 100
9 25 93
12 9 162
9 37 397
35 23 327
38 29 478
30 10 299
15 5 332
42 38 181
28 14 324
26 22 291
34 30 341
38 19 309
41 15 52
23 5 5
26 34 282
5 2 468
36 17 64
31 6 244
8 4 455
29 23 423
28 23 210
42 3 231
37 22 368
34 8 101
39 27 225
20 13 483
6 25 65
41 2 418
24 31 4
24 16 264
14 17 184
36 20 428
23 12 230
13 7 26
17 37 429
40 26 344
11 9 4
24 12 31
13 25 74
17 39 112
9 1 493
20 39 128
2 38 410
21 24 249
26 17 476
11 25 97
15 17 141
16 32 272
8 41 123
8 3 379
24 5 93
30 14 448
15 13 241
12 26 321
31 11 438
6 20 260
42 8 248
32 8 359
12 41 155
38 16 158
24 22 116
39 9 261
8 35 481
3 41 94
38 17 51
10 18 6
12 8 280
38 23 20
40 9 307
40 21 111
18 14 118
23 33 447
41 21 137
38 22 276
7 35 71
19 42 30
6 13 292
33 40 20
29 21 127
41 39 279
9 32 307
5 14 463
37 16 451
28 24 96
13 39 500
4 15 265
36 38 163
28 29 229
31 17 12
22 18 388
15 25 31
42 1 157
2 6 457
36 40 157
6 11 267
7 5 30
27 31 77
39 18 477
28 19 90
42 5 452
8 9 81
33 22 160
22 27 147
38 39 234
31 39 483
15 2 74
6 15 20
25 26 257
7 17 485
41 5 86
37 39 219
26 5 115
20 38 237
19 15 328
26 13 213
27 18 254
36 18 140
19 2 23
23 42 158
23 3 97
12 30 59
39 25 458
19 12 341
10 29 170
31 5 387
30 23 139
1 25 263
17 5 489
2 21 115
28 18 2
41 13 439
36 22 361
33 34 155
7 16 86
36 35 478
12 11 347
19 5 120
32 5 118
37 26 303
40 34 80
40 37 344
26 29 175
34 41 26
9 3 458
4 34 485
26 31 166
21 35 66
29 2 452
35 5 178
42 25 396
15 18 76
11 34 287
22 16 238
22 30 99
37 31 399
2 39 407
1 17 321
30 4 388
32 37 31
6 34 368
11 19 138
38 21 2
7 38 472
39 24 53
18 7 129
31 30 462
8 37 279
22 41 408
21 33 216
6 14 351
6 37 138
11 41 402
21 12 195
38 4 166
24 40 354
20 30 344
27 35 194
33 18 364
7 33 209
8 17 490
17 22 116
40 15 222
38 24 188
29 35 283
14 40 381
36 12 417
34 35 218
9 22 6
17 13 467
41 14 111
41 33 491
41 20 19
37 42 383
42 35 483
1 11 232
25 14 477
20 15 206
16 21 344
10 33 368
12 42 220
2 11 490
18 29 87
14 26 427
17 42 33
16 5 123
9 15 22
12 33 443
23 1 249
40 13 292
10 31 62
14 15 11
41 37 121
2 4 86
27 10 294
42 39 49
24 36 134
4 29 488
28 12 46
2 13 124
14 11 69
40 8 65
9 35 55
2 17 421
12 18 231
8 16 36
17 27 365
35 19 463
6 18 343
4 10 387
13 9 260
25 4 152
40 11 341
22 23 448
5 40 29
31 15 335
33 31 302
23 27 64
6 28 131
3 28 379
24 17 441
42 21 56
32 20 374
19 13 1
34 10 348
10 23 472
17 20 458
1 7 113
22 28 357
22 2 225
20 42 17
30 16 285
38 25 112
21 9 282
5 27 407
38 30 415
22 6 26
39 28 405
35 37 173
29 17 287
27 32 253
25 19 477
15 27 203
17 23 167
17 3 458
23 34 494
38 18 64
39 40 434
11 15 299
13 14 116
10 38 290
33 13 107
40 7 149
1 27 177
9 20 258
30 13 132
7 20 301
24 13 101
27 14 304
31 29 492
15 38 458
41 31 357
15 28 129
13 1 316
37 12 261
17 12 294
22 10 59
20 28 402
12 40 29
27 24 194
28 10 454
11 4 192
36 25 363
6 3 64
7 12 379
29 16 69
34 19 120
17 4 372
36 15 340
35 2 396
22 15 499
37 23 349
8 38 303
31 16 80
21 10 302
34 9 288
7 15 181
28 26 158
2 25 352
20 11 482
36 32 78
5 33 215
37 27 215
28 7 126
39 1 204
2 31 86
15 1 161
16 3 279
33 4 63
15 42 61
32 10 141
24 6 286
19 7 130
21 14 84
19 29 294
21 28 377
1 3 4
17 9 61
32 40 167
18 32 95
35 24 378
1 30 142
11 16 138
41 7 323
24 2 443
30 6 54
32 14 348
11 7 54
12 3 276
39 35 342
10 13 451
14 34 442
21 3 119
31 34 130
22 39 125
17 28 184
23 21 375
20 25 38
33 32 193
29 36 290
7 24 403
24 3 368
37 11 487
13 16 372
3 14 198
41 24 316
21 18 128
32 1 68
4 9 232
17 21 46
8 21 418
13 29 52
22 19 85
18 4 185
8 29 214
6 26 331
20 19 88
29 3 79
