157 36 17
21 10 232
14 11 182
9 23 271
21 9 22
15 18 399
27 14 431
32 33 110
6 7 172
12 2 491
28 24 337
23 7 285
17 29 265
24 10 62
15 31 260
24 7 142
18 1 310
25 34 492
11 17 237
26 2 103
13 30 368
33 29 336
2 8 417
26 32 146
27 24 159
5 29 230
12 35 440
35 11 212
8 5 364
8 1 434
21 29 150
8 20 293
8 13 206
20 5 356
28 29 381
24 9 241
28 18 101
32 21 229
13 10 419
30 10 197
30 32 274
9 1 281
4 24 1
1 24 432
36 23 207
1 27 22
20 27 116
33 15 495
21 30 224
13 33 232
31 18 452
23 21 64
13 14 341
1 19 211
19 30 24
22 10 1
29 15 47
31 13 386
3 19 333
12 23 158
15 5 82
32 3 255
35 2 358
23 24 124
19 11 134
34 32 444
6 21 122
29 3 315
23 35 457
23 18 383
21 25 108
22 27 442
35 10 280
11 26 163
24 31 137
22 5 51
14 29 225
34 13 380
29 11 226
6 35 221
6 2 489
2 5 181
17 19 187
10 11 107
19 23 493
8 4 359
9 16 141
15 24 36
36 22 150
21 8 321
14 35 3
19 7 124
5 23 363
33 18 176
35 31 10
20 4 481
19 24 52
20 30 3
20 7 42
29 32 344
21 17 31
14 1 258
26 35 114
31 28 226
25 31 356
12 14 147
6 14 34
1 31 287
23 11 142
15 6 118
22 14 248
11 2 139
20 31 326
35 36 211
30 17 91
26 19 52
19 15 487
1 29 327
15 7 91
23 17 264
16 15 269
28 11 397
4 5 334
29 23 38
25 13 460
9 11 17
29 22 142
34 27 85
36 12 17
12 17 323
12 26 459
25 30 4
24 29 389
14 24 376
28 22 127
14 34 137
14 3 282
16 35 239
7 22 216
32 1 252
36 11 90
33 25 64
17 33 344
33 9 117
33 14 38
31 30 443
36 13 396
4 31 444
2 17 354
33 26 331
9 13 400
13 6 123
5 25 3
10 9 482
18 35 481
19 9 405
5 1 273
4 14 273
