703 38 36
29 37 273
6 7 45
17 27 382
35 22 500
32 19 435
1 24 7
19 28 226
22 19 142
2 33 411
35 21 68
7 22 400
4 18 18
25 7 63
8 14 141
31 1 309
21 26 360
18 14 107
24 38 211
12 33 249
5 34 102
21 32 456
36 9 37
37 33 2
4 7 208
20 36 300
28 20 321
33 25 229
10 15 173
19 3 445
5 37 116
38 4 449
9 4 483
32 14 498
34 33 83
36 28 239
25 35 121
30 1 389
10 8 80
14 16 372
33 24 251
5 31 31
23 1 55
15 4 392
26 34 411
8 37 16
23 33 23
22 34 345
4 2 155
37 10 433
4 30 41
38 7 61
21 8 182
24 28 490
38 35 78
15 22 424
30 5 8
9 33 55
8 22 383
12 13 141
12 29 301
26 24 99
17 16 172
17 22 395
2 15 151
13 31 325
18 30 250
16 38 168
32 35 433
2 26 172
25 30 111
24 16 252
8 30 478
15 35 340
33 35 467
23 19 313
12 8 109
1 10 434
13 11 320
33 31 35
9 30 445
3 27 344
25 19 405
22 16 480
5 35 422
19 18 373
22 20 423
1 22 211
35 23 156
32 4 436
12 1 312
7 2 93
30 15 349
31 4 12
38 26 230
3 30 244
21 30 20
30 36 102
13 23 267
19 30 83
6 17 497
7 30 403
32 28 276
30 16 71
5 36 441
4 34 19
15 3 472
1 20 295
22 32 197
25 31 130
9 8 317
32 2 373
18 20 305
36 6 223
15 18 290
2 16 441
20 24 239
25 38 281
13 5 385
24 21 253
16 27 416
7 36 474
8 15 304
19 4 261
17 23 43
23 24 319
12 2 366
33 18 454
15 23 22
38 20 267
24 18 197
3 31 423
2 17 188
34 9 470
19 20 9
11 30 347
32 15 41
30 13 455
11 37 399
25 15 43
35 31 460
20 27 127
5 32 128
30 20 96
31 22 111
23 30 108
24 34 97
34 10 391
6 37 346
21 37 354
27 28 17
18 26 424
37 25 305
11 17 434
3 34 127
26 22 430
5 9 4
6 1 108
29 28 491
10 23 385
21 1 418
2 31 332
33 38 135
11 9 279
35 2 292
15 21 64
28 26 276
21 16 231
29 31 170
29 8 433
5 24 27
17 31 26
23 29 204
31 20 197
30 12 118
13 28 197
36 15 375
37 30 138
16 5 441
13 34 107
32 24 157
2 27 230
28 9 385
20 15 304
23 34 402
7 8 180
36 34 141
18 23 252
22 29 111
1 4 26
23 14 149
6 28 91
8 26 406
26 6 168
22 37 400
4 27 479
29 7 118
22 28 399
12 11 271
33 16 363
27 22 189
36 27 95
18 22 64
22 14 215
14 5 459
22 21 161
29 14 110
29 20 288
8 38 250
11 8 392
36 13 361
12 37 337
1 27 134
30 14 328
27 8 421
24 14 486
26 23 115
30 35 38
8 19 42
29 26 104
24 35 366
1 19 166
27 29 497
16 25 293
37 19 434
12 5 415
7 15 343
3 11 236
33 7 94
24 15 404
12 24 446
22 13 191
23 20 489
27 6 300
34 17 34
18 9 115
13 15 460
18 37 35
15 29 381
31 14 498
18 25 495
1 33 215
4 5 469
5 20 31
7 19 352
17 35 30
29 32 416
4 33 465
5 21 406
33 6 329
34 28 220
25 6 253
38 36 466
32 9 225
7 32 422
18 1 110
9 25 331
11 1 63
6 5 410
2 19 477
38 15 7
25 24 26
38 32 291
21 7 271
21 6 53
17 30 416
3 4 19
6 9 162
31 9 481
9 29 155
26 14 404
18 28 483
21 23 147
10 6 255
21 18 222
17 28 176
35 10 139
6 4 236
14 37 302
6 11 34
38 22 174
37 20 346
38 17 95
36 19 58
9 13 412
15 16 85
3 1 264
14 1 282
14 28 100
29 30 260
30 28 64
37 24 472
12 15 76
7 23 18
10 14 202
30 22 35
3 23 364
7 24 483
1 15 302
11 22 189
9 1 388
31 24 440
14 13 175
26 31 153
31 16 31
28 25 183
29 35 230
17 21 50
6 31 198
27 38 137
11 23 391
31 32 253
9 7 122
14 15 110
33 36 327
12 18 278
14 38 229
31 12 264
4 22 260
23 8 204
23 38 324
13 29 396
26 12 241
21 28 449
16 10 203
29 10 123
3 26 123
8 32 7
1 26 325
13 7 110
9 3 474
7 1 332
32 17 145
3 14 267
1 8 122
13 17 281
10 7 102
37 28 366
9 15 255
28 3 70
28 12 296
5 7 167
10 3 310
7 37 144
28 35 17
14 12 265
37 16 159
3 24 2
14 25 482
15 26 150
28 1 226
11 5 312
22 2 348
36 18 256
11 7 327
20 32 350
6 12 81
9 2 53
31 23 15
21 31 159
14 27 463
3 32 408
3 17 79
12 20 455
20 34 221
26 10 259
37 2 433
36 1 20
20 17 101
35 18 236
5 3 99
20 33 444
27 32 444
14 34 492
4 23 369
16 12 443
32 18 91
36 22 289
6 30 21
17 29 236
2 6 72
29 11 60
32 37 200
17 19 308
24 22 295
5 26 236
16 4 232
36 8 190
9 35 33
33 22 233
19 14 38
35 6 267
5 23 494
37 35 382
32 30 100
33 10 106
27 21 379
7 3 9
4 8 321
19 26 390
29 34 21
3 36 230
11 26 492
11 35 470
18 11 276
29 2 29
2 14 110
23 28 93
2 34 425
1 2 41
6 14 349
34 11 226
11 16 470
4 28 487
37 1 12
6 32 6
7 17 432
29 38 176
30 27 421
1 5 150
37 9 170
11 28 14
20 3 20
13 18 433
7 26 394
4 12 72
34 1 359
2 11 417
6 20 77
33 13 101
37 15 476
3 13 209
3 12 481
24 2 303
20 7 165
10 30 228
7 14 88
13 1 132
13 38 380
35 3 445
17 24 394
24 8 58
38 9 227
9 14 333
19 21 440
13 8 373
15 27 3
35 27 451
11 4 236
34 15 439
31 19 420
13 4 188
32 1 144
11 19 185
18 3 386
6 34 273
18 17 446
34 35 381
31 8 149
10 18 454
25 27 395
29 5 170
27 7 105
36 24 195
15 28 117
26 36 82
1 35 308
29 4 79
6 38 227
37 23 11
20 35 61
24 9 301
8 5 355
10 12 277
28 38 69
29 16 73
15 5 316
20 2 237
26 20 231
10 11 401
24 30 151
21 10 120
28 16 129
29 33 269
12 17 375
13 32 470
7 16 307
16 6 196
2 25 418
33 19 436
5 38 275
28 31 458
26 37 500
20 16 63
5 10 256
34 8 85
38 12 39
2 5 48
10 36 122
18 2 62
37 34 447
38 21 122
9 19 82
17 26 255
19 12 135
30 38 373
22 9 330
11 38 399
32 16 38
20 10 49
36 29 491
17 37 128
29 25 465
31 30 300
13 19 469
18 27 468
4 26 336
37 38 31
4 36 390
38 31 284
33 17 225
35 7 477
29 18 115
24 27 137
36 2 283
6 23 169
25 26 229
30 26 205
36 25 258
21 11 182
22 25 83
29 24 175
32 33 443
7 18 123
27 26 281
32 23 280
38 10 382
37 36 92
25 5 465
2 28 220
35 16 98
19 27 393
5 17 77
34 31 31
2 13 316
16 3 275
12 35 433
9 12 194
5 19 62
24 6 312
22 23 41
29 6 110
18 5 187
12 7 302
25 1 253
25 21 429
4 14 380
7 34 407
8 3 87
5 33 125
35 26 26
14 36 417
19 24 175
27 12 66
19 16 97
33 28 282
22 6 121
5 28 74
28 8 395
15 33 132
14 17 229
31 10 350
17 36 303
36 12 479
18 31 367
2 8 42
11 25 274
21 13 475
4 24 155
26 33 364
3 37 255
13 10 486
36 35 120
9 26 148
2 3 176
7 31 476
19 38 30
37 31 404
6 13 36
11 24 79
24 10 11
26 13 79
15 17 19
10 22 442
8 6 82
30 34 157
5 22 21
10 4 95
8 33 388
32 10 365
21 4 48
5 27 133
13 37 115
23 2 130
16 26 294
25 4 105
20 21 387
13 20 144
18 34 234
18 6 116
4 35 464
25 32 87
14 20 427
34 16 436
15 11 471
21 33 59
16 8 439
15 19 92
27 9 424
27 34 247
30 33 243
27 11 459
4 17 252
34 21 169
14 33 45
32 36 165
13 27 117
29 3 358
1 38 293
3 21 80
6 3 425
10 27 120
13 35 275
25 12 211
17 1 24
8 35 243
9 17 272
29 1 315
6 15 280
28 10 384
19 29 42
1 16 200
14 11 42
16 13 135
23 12 375
23 27 177
22 3 159
20 4 121
35 19 19
16 23 458
21 36 68
19 34 291
33 11 356
21 29 151
34 25 57
9 20 407
31 36 80
18 8 398
18 38 210
10 17 25
16 18 398
3 33 444
8 20 286
37 4 67
27 33 126
37 27 111
21 2 447
34 32 99
35 14 374
20 25 297
25 3 268
13 24 342
38 2 236
2 30 82
8 25 368
9 21 282
23 9 402
27 31 265
22 12 441
10 9 151
38 3 134
32 26 363
11 20 347
25 17 397
9 16 64
34 12 52
38 34 413
31 11 37
15 31 431
25 23 277
23 36 319
12 21 398
8 17 348
25 13 196
21 14 358
12 32 288
10 2 59
36 16 123
6 19 254
11 36 37
11 32 164
25 10 405
10 19 373
7 28 248
