820 41 13
40 12 463
5 12 307
26 11 160
14 20 26
17 2 396
25 15 241
19 38 273
26 39 178
32 29 355
12 30 42
21 25 462
17 8 171
24 27 109
30 22 155
25 16 418
15 3 193
26 25 306
40 39 123
38 21 491
3 38 456
12 19 350
8 32 248
8 20 25
22 23 403
28 9 361
6 11 73
32 2 175
9 8 236
20 7 245
1 32 279
32 9 352
7 31 339
34 14 214
25 27 210
34 15 402
29 22 322
7 27 222
12 1 70
38 9 448
35 28 140
23 7 148
40 34 117
23 24 1
21 14 134
1 23 346
14 1 142
31 20 24
13 31 403
17 15 82
11 39 354
15 18 200
2 22 219
30 1 171
35 39 172
12 3 227
15 6 452
19 26 28
6 24 427
17 3 27
8 30 376
28 40 272
16 9 416
24 5 301
35 21 406
13 10 360
7 35 65
40 10 224
23 18 429
21 31 93
39 9 455
21 6 466
10 5 378
34 16 288
24 10 55
26 17 21
32 27 179
25 2 111
28 39 285
5 2 289
32 18 4
5 40 64
19 15 336
34 29 147
34 13 108
17 34 95
37 40 173
19 10 441
19 34 31
29 41 90
16 22 352
22 27 178
38 12 430
19 2 310
39 21 105
23 34 87
18 34 70
14 39 224
37 30 422
15 33 122
20 1 121
21 5 236
16 35 9
4 5 292
39 34 244
21 12 443
9 40 113
19 29 405
7 3 432
3 26 48
9 23 82
3 5 195
30 39 343
10 18 13
25 10 361
40 27 82
19 1 203
8 26 225
37 39 454
3 36 485
37 13 316
40 14 454
3 31 242
26 28 350
9 36 500
33 29 154
6 25 371
16 26 249
8 34 176
1 16 260
5 23 140
19 13 417
25 33 68
7 12 59
16 28 343
18 11 19
7 18 323
7 28 104
34 9 373
36 8 81
19 6 9
29 9 393
30 40 451
39 10 206
13 5 50
17 16 192
4 14 192
2 15 375
16 5 221
14 32 185
31 18 145
26 32 58
3 8 156
21 32 7
27 34 40
40 23 114
22 3 434
28 21 44
2 33 4
8 6 495
32 34 228
17 6 232
11 35 274
37 25 441
33 22 123
11 3 265
13 9 292
16 33 75
18 13 394
30 6 411
36 27 375
24 40 172
24 11 43
25 11 83
9 30 242
16 36 349
18 38 481
30 26 29
1 35 27
40 3 351
18 36 472
30 33 440
2 11 52
39 20 338
41 27 433
32 31 187
27 15 486
5 30 342
34 21 360
41 34 494
4 18 124
13 12 158
36 2 236
2 12 225
7 36 1
18 19 52
11 8 465
18 35 108
33 17 21
32 5 450
40 26 250
10 30 98
22 37 314
40 16 92
11 5 348
35 36 438
37 5 450
31 26 107
38 11 157
15 21 145
31 8 375
25 29 356
1 40 438
7 8 368
27 39 278
27 13 369
5 18 463
12 4 390
25 3 290
5 41 422
35 3 299
2 13 236
34 28 455
40 7 215
37 17 247
36 21 25
13 20 322
1 31 263
33 5 243
21 33 201
13 36 385
25 20 272
15 11 56
37 7 419
40 19 130
9 21 93
20 23 41
35 2 35
36 28 359
5 34 191
9 11 467
31 17 180
8 14 435
10 37 207
12 16 229
30 14 51
29 27 239
3 1 129
2 40 97
25 17 299
41 1 287
19 39 419
40 6 317
35 17 61
1 37 282
3 23 83
27 16 466
10 12 399
25 31 154
23 2 475
22 12 138
25 36 358
41 12 331
39 16 100
10 41 25
19 37 111
13 3 55
6 26 190
22 14 184
27 30 366
31 12 140
1 8 272
2 39 30
38 36 44
8 24 500
41 39 247
4 23 331
28 11 107
28 18 471
34 11 185
4 35 468
13 17 296
13 39 437
21 11 387
27 33 415
10 33 226
32 6 77
41 22 16
38 27 69
24 34 23
4 30 276
38 8 211
4 32 410
23 17 492
22 11 172
38 22 168
41 18 196
19 27 33
9 12 500
3 24 426
1 21 373
30 3 228
21 27 478
7 32 161
29 26 484
1 15 65
25 1 62
32 33 242
20 2 51
36 17 32
26 15 169
15 5 93
19 23 40
23 14 307
37 23 55
11 17 75
13 24 213
17 29 387
24 36 217
37 11 443
28 1 84
7 19 495
36 6 16
28 41 273
21 8 401
15 40 237
25 22 39
41 25 162
34 30 261
39 5 499
12 34 150
2 3 445
10 8 414
15 16 413
11 20 460
29 3 393
20 15 108
14 24 246
8 19 149
16 24 469
13 8 433
28 10 39
24 41 407
19 22 197
12 33 23
12 14 103
16 41 212
17 38 441
19 3 72
31 33 327
34 36 270
34 31 232
37 28 91
1 22 431
23 28 274
33 28 310
13 41 297
7 5 500
37 4 412
11 19 288
31 5 468
12 37 329
21 18 160
6 13 317
15 22 375
18 22 479
19 33 486
18 33 364
38 14 248
40 38 98
21 4 8
20 37 363
19 32 475
39 7 88
31 41 444
22 17 95
38 30 29
20 17 349
5 27 139
22 31 254
24 17 236
41 2 252
36 22 396
22 28 400
29 1 309
9 33 148
14 29 379
16 30 179
16 7 452
24 22 266
35 26 348
38 10 34
33 8 28
27 6 5
28 3 138
1 10 181
3 37 334
4 25 316
6 23 357
27 9 96
25 40 426
35 20 140
5 17 104
23 13 189
6 39 481
21 20 200
33 37 181
24 2 324
25 7 90
27 26 455
3 18 221
9 35 308
14 11 341
39 3 460
12 28 114
1 38 396
25 39 467
37 27 300
19 31 272
6 4 322
24 9 368
41 11 377
34 10 112
33 24 217
10 17 6
28 27 451
20 9 314
3 16 480
5 19 155
41 40 9
28 6 433
39 24 211
38 7 490
39 8 283
1 7 499
18 2 4
27 8 414
38 4 327
28 20 38
11 12 87
2 21 285
6 16 318
23 25 338
15 39 227
20 27 244
12 27 51
32 3 306
23 16 198
11 32 387
4 19 134
11 1 41
36 30 267
21 7 377
37 38 309
4 7 358
1 36 151
35 10 232
12 39 252
1 26 283
13 4 120
31 40 135
15 23 82
1 17 16
41 35 404
2 28 94
23 30 307
12 18 119
8 15 17
2 26 493
15 31 361
32 22 231
35 8 500
31 11 381
28 31 341
7 41 244
10 23 491
23 35 122
2 4 69
1 13 383
20 3 76
30 25 112
22 40 369
35 29 338
11 10 304
37 24 228
25 32 211
30 35 142
18 20 85
38 20 156
31 29 371
38 26 418
3 10 498
17 12 77
14 41 88
19 24 204
7 30 492
14 19 84
9 5 94
31 16 262
12 26 415
14 37 308
23 29 360
15 37 416
19 9 233
21 30 431
28 14 59
38 31 126
30 24 322
5 8 35
35 38 116
4 36 315
37 34 157
19 28 300
38 6 141
20 4 288
41 6 136
16 13 88
21 3 168
33 39 173
12 23 7
16 20 483
4 1 441
21 10 139
16 4 430
19 30 154
7 13 83
20 33 480
5 38 349
29 39 272
10 9 458
25 5 441
19 35 3
27 4 286
15 13 401
41 36 334
27 35 225
6 34 67
23 8 198
23 41 198
33 41 345
11 36 2
25 14 226
15 10 436
19 20 164
18 17 487
18 37 375
13 21 239
32 35 174
17 39 366
29 7 285
13 14 156
12 25 226
18 27 395
19 41 223
40 35 465
35 22 261
26 24 437
29 16 226
34 26 238
22 34 467
10 29 337
10 20 194
34 4 119
31 27 399
38 29 469
20 22 20
20 5 7
29 36 435
9 14 345
38 2 94
19 25 456
18 8 367
2 10 428
9 25 92
28 15 388
8 40 379
23 27 25
16 14 36
14 17 135
4 24 434
30 32 306
30 17 326
18 40 481
17 9 209
20 40 261
40 4 18
15 32 260
8 29 271
2 27 226
17 32 409
29 11 364
36 39 138
32 39 230
28 17 207
9 6 32
38 15 258
21 40 50
23 11 267
7 17 500
23 33 364
30 15 433
14 5 276
10 27 147
37 9 177
11 33 93
2 29 423
3 6 362
33 38 370
16 10 94
11 7 311
24 7 498
18 25 268
35 14 331
11 30 125
32 41 285
4 17 231
3 9 421
2 16 440
13 38 159
4 15 382
33 1 45
22 10 457
30 20 160
25 35 137
13 30 460
10 26 191
7 9 425
8 37 362
31 10 178
36 32 126
12 36 55
28 32 479
41 9 99
24 25 244
18 6 195
40 36 500
26 36 406
10 14 220
32 20 303
32 12 155
33 14 82
20 36 194
8 22 453
25 34 203
2 30 334
5 26 420
13 29 385
31 39 398
6 14 49
33 6 18
34 33 193
8 2 16
23 36 236
15 29 9
38 16 251
14 3 397
16 32 133
22 26 66
20 34 217
33 13 401
26 18 350
10 32 50
6 22 293
4 33 316
20 24 128
35 33 81
5 22 93
11 4 210
26 13 77
26 4 438
18 14 203
8 16 226
29 24 178
38 39 406
23 39 212
29 4 1
21 22 282
32 37 199
24 35 301
12 24 335
25 28 294
24 31 483
3 34 215
28 29 6
28 24 7
12 20 448
40 29 422
24 18 47
10 6 409
38 23 429
8 28 483
6 1 209
41 15 108
26 9 362
31 30 12
21 16 242
7 34 346
4 22 22
35 12 343
22 39 116
33 26 290
17 40 158
9 31 455
18 1 4
21 29 254
31 35 33
13 22 403
29 30 306
4 31 88
4 39 445
41 37 273
35 37 191
14 15 52
24 1 86
33 40 93
7 14 400
14 2 91
28 38 159
34 35 480
13 32 65
5 1 162
37 21 74
37 31 369
24 21 397
20 41 72
28 30 107
26 21 331
20 26 201
4 41 70
4 10 130
24 15 117
36 31 218
37 29 380
1 34 17
15 12 438
25 13 415
41 30 19
37 36 241
1 27 148
13 11 141
36 19 467
5 36 396
18 30 324
28 4 250
40 32 120
6 12 385
16 18 78
8 12 138
39 1 452
34 2 489
2 37 36
9 22 458
41 26 205
31 6 258
38 24 177
7 10 367
9 15 271
21 41 5
18 29 429
20 29 255
32 24 148
31 23 350
36 14 290
6 20 342
19 21 113
40 13 87
23 26 118
23 21 102
5 6 219
34 38 493
33 3 460
27 11 88
22 7 466
16 19 146
9 1 3
11 40 327
11 16 183
35 15 378
29 5 487
41 3 142
21 17 327
4 3 209
23 32 359
26 7 351
5 28 119
7 33 132
1 2 463
31 2 220
8 41 409
33 36 318
9 2 310
38 25 63
15 7 170
4 8 165
6 35 29
18 9 71
39 18 429
36 10 20
9 4 89
5 35 428
29 6 210
36 15 19
8 25 417
13 28 19
6 7 92
31 14 284
6 37 201
37 26 146
35 13 360
17 19 461
27 14 12
2 6 386
38 32 42
27 17 172
12 29 367
7 2 78
14 26 266
27 3 410
17 41 139
38 41 271
16 37 64
