162 26 341
26 13 16
10 8 41
8 16 118
25 24 294
15 21 202
6 5 322
12 18 42
7 12 274
2 7 373
9 18 431
18 15 227
13 6 427
2 16 479
7 26 193
20 3 469
20 9 83
3 1 88
3 11 202
3 13 230
10 20 394
17 15 243
13 17 284
24 1 187
6 22 398
11 24 281
5 18 383
7 5 114
21 23 275
10 9 344
11 14 470
9 6 289
4 3 431
25 26 167
6 10 433
25 6 113
19 12 57
8 21 355
19 11 237
12 16 290
11 26 141
13 10 216
7 17 58
20 16 396
21 4 16
1 17 222
18 25 142
1 25 43
7 15 124
17 5 21
3 26 379
13 24 13
21 25 139
23 15 233
2 22 58
16 26 137
16 9 61
22 10 349
9 19 396
18 8 169
25 14 78
12 15 128
14 1 223
26 20 419
20 17 428
10 23 352
22 5 306
19 7 348
20 22 368
19 16 301
5 19 196
3 21 304
22 21 55
2 6 105
26 8 322
10 5 8
26 19 212
13 5 315
16 21 405
22 26 24
18 13 250
26 4 261
12 9 248
16 15 450
17 3 277
6 15 208
6 23 111
26 1 76
13 2 11
10 12 328
23 9 375
2 14 426
7 6 382
11 8 380
10 16 74
17 16 4
20 24 29
24 21 473
10 14 317
1 7 262
9 14 307
23 20 38
14 24 351
14 8 135
6 21 145
22 19 92
14 19 198
6 18 221
17 4 220
4 2 137
15 9 87
22 4 483
16 14 359
24 23 442
10 2 399
1 10 467
26 18 279
25 4 111
14 21 15
6 11 372
1 6 276
5 20 232
3 16 258
9 7 434
2 24 130
1 21 157
23 3 425
11 16 37
15 24 138
19 10 262
23 11 400
13 14 444
14 20 252
7 25 153
3 7 230
19 20 199
17 12 434
18 22 109
2 18 179
12 6 4
23 19 132
7 21 91
14 26 219
6 19 180
17 26 203
5 16 269
3 14 37
25 15 88
24 6 40
14 15 367
8 13 321
13 20 168
1 20 255
13 12 158
11 10 453
24 26 44
6 3 129
21 12 173
11 12 66
5 4 368
14 5 418
2 8 184
4 6 173
