465 31 11
12 2 179
19 14 355
29 16 24
14 9 167
10 5 285
25 4 207
17 29 181
10 1 323
17 16 392
7 11 31
26 14 66
4 16 480
1 29 208
22 20 445
10 12 257
3 19 31
21 10 244
15 21 456
18 9 387
20 31 170
24 18 380
1 18 449
11 5 433
25 30 421
12 1 336
29 8 139
12 26 452
17 26 161
6 10 240
12 24 231
2 29 199
26 25 306
12 30 69
21 25 476
30 18 68
4 10 15
3 16 460
23 30 262
24 5 208
8 26 401
28 21 24
30 15 342
30 29 175
9 24 230
26 10 312
11 12 72
21 1 452
5 23 309
8 11 275
24 29 89
22 27 394
7 10 387
2 30 197
11 17 249
19 23 454
23 25 90
22 6 195
15 4 479
20 26 198
7 2 316
30 28 50
9 12 405
28 3 352
8 27 176
30 13 433
27 1 40
18 17 154
31 4 460
14 12 297
28 15 345
26 31 419
30 6 331
9 15 1
14 17 189
24 30 166
16 2 239
24 23 100
9 6 74
26 5 360
19 15 153
3 8 485
24 16 92
23 1 301
9 21 201
5 25 178
1 19 174
6 27 19
21 18 101
13 4 242
19 4 142
13 15 330
2 15 251
2 1 483
1 9 213
18 25 80
24 17 427
25 29 175
17 9 323
31 11 50
11 20 409
26 6 52
30 1 1
26 7 271
14 15 267
27 23 25
21 29 383
5 22 137
17 20 380
5 27 347
2 20 360
27 13 322
31 22 125
21 14 395
3 26 298
31 24 293
30 5 170
22 16 221
13 24 351
13 18 213
4 5 423
11 2 335
28 6 460
21 26 496
15 25 264
10 29 380
9 25 220
5 17 436
18 23 49
5 2 489
24 2 158
19 30 485
3 22 92
1 16 218
2 9 476
4 20 445
9 3 151
28 9 289
27 28 496
20 27 183
28 4 158
18 15 126
27 29 317
31 12 243
10 16 45
31 19 363
4 11 239
27 12 494
5 28 439
1 26 399
5 6 405
17 6 365
7 15 375
9 4 246
17 1 344
8 1 90
25 8 243
8 9 182
6 12 263
2 8 175
1 22 159
25 12 455
28 22 189
24 19 341
24 4 227
19 13 137
30 21 498
11 13 450
27 21 468
11 16 435
12 22 96
6 23 303
8 18 11
25 11 165
23 15 66
8 6 426
27 30 372
3 12 186
1 3 210
11 27 475
15 24 15
30 7 376
21 17 253
19 25 371
10 19 93
6 14 349
14 24 331
18 10 51
3 20 16
19 21 220
24 8 80
26 4 465
5 1 122
9 30 199
19 11 474
10 13 332
30 26 155
13 21 121
14 25 480
15 22 118
23 7 100
16 8 438
8 30 397
30 11 239
11 29 235
14 7 138
21 11 482
23 29 413
27 4 285
12 19 176
30 4 168
29 31 92
9 27 405
22 30 62
19 8 66
13 6 452
2 21 451
28 14 317
12 4 56
7 28 336
19 9 282
23 4 248
28 2 122
7 5 307
29 3 408
11 18 18
29 18 192
22 21 189
15 5 370
5 21 201
7 19 375
14 30 178
3 13 492
7 22 115
20 25 91
17 27 425
21 3 61
2 23 139
24 26 57
13 23 181
29 6 136
20 29 328
18 22 354
15 20 125
3 30 154
15 1 180
7 9 195
29 7 29
18 4 416
25 31 478
24 6 353
6 21 19
26 15 440
4 14 44
10 31 440
27 10 25
29 22 265
28 12 205
19 29 419
10 30 46
27 3 383
23 3 224
22 2 336
13 8 278
23 26 152
7 31 376
23 8 449
16 18 157
28 16 490
14 13 282
16 21 114
9 11 105
16 25 318
22 13 263
21 8 115
10 3 153
11 1 230
14 23 160
25 13 185
26 11 208
4 7 286
13 16 26
28 17 374
16 23 438
3 2 168
17 2 323
8 4 108
26 19 325
31 28 290
12 8 428
2 13 387
9 29 308
13 9 183
13 7 224
1 13 397
12 13 441
3 7 405
28 19 400
19 20 80
15 3 34
6 4 316
6 31 155
11 3 119
6 25 281
31 3 478
8 17 77
18 27 279
18 28 41
20 8 117
15 31 325
21 24 480
4 1 91
22 11 283
28 24 439
13 31 247
18 26 280
20 12 317
21 20 318
29 4 429
26 28 315
14 31 187
22 25 448
12 18 464
11 14 257
15 10 152
9 22 98
5 16 28
10 8 156
26 22 6
11 10 12
10 14 179
25 2 165
23 31 438
5 20 235
24 3 314
20 24 281
7 24 18
3 18 148
14 27 259
29 26 496
19 5 115
3 6 64
28 10 109
1 25 78
1 7 381
20 16 128
16 31 153
18 20 66
15 11 19
12 23 17
15 8 48
17 12 184
23 21 125
1 20 330
1 31 9
20 30 164
31 21 485
18 7 146
12 29 305
31 27 61
28 20 81
13 29 252
19 16 238
14 1 224
14 22 138
15 6 196
27 19 268
31 30 371
28 13 298
2 18 418
22 10 145
22 8 198
22 17 176
11 6 92
26 9 266
9 10 131
23 28 282
5 8 482
4 3 299
16 27 251
4 17 353
14 29 155
17 15 53
20 13 49
31 2 261
14 16 238
12 15 96
17 31 347
10 2 277
15 16 182
22 23 336
17 3 292
7 21 109
15 27 134
6 19 146
26 27 96
25 27 152
28 8 429
5 3 108
27 7 155
3 25 302
17 19 451
11 24 302
27 2 310
2 6 338
31 9 423
29 5 101
20 14 2
5 18 165
6 18 290
13 26 329
4 21 10
7 6 144
25 10 288
26 2 308
23 9 124
9 5 46
22 4 350
15 29 476
3 14 63
16 30 194
20 6 473
16 6 412
26 16 77
4 2 114
8 7 48
23 11 430
23 17 252
17 30 316
20 9 199
20 10 122
31 5 218
13 5 406
25 17 83
14 2 310
28 1 224
18 19 478
2 19 415
12 5 390
5 14 166
27 24 416
24 1 18
7 12 90
14 8 107
22 19 177
24 10 361
11 28 312
25 7 58
17 10 449
10 23 480
20 23 424
17 13 399
18 14 328
16 12 158
6 1 417
21 12 131
9 16 26
31 8 441
24 22 364
31 18 241
20 7 475
28 25 329
28 29 225
7 16 268
25 24 247
7 17 289
