370 39 442
28 17 428
10 6 59
25 33 332
22 28 370
36 26 122
8 37 13
15 18 92
23 30 66
23 39 220
21 33 178
39 17 291
19 26 39
38 24 272
3 9 308
25 36 289
27 6 77
14 35 123
34 15 180
9 2 72
20 10 48
30 37 425
38 1 337
21 7 102
13 11 83
27 11 217
36 28 102
37 26 174
25 7 444
28 33 452
13 9 200
30 35 490
31 25 54
20 14 472
34 19 18
39 19 22
30 4 457
9 7 140
12 33 164
39 6 489
39 27 304
18 8 32
14 15 489
4 24 425
38 6 426
32 31 185
37 3 343
33 39 239
14 6 484
7 18 103
6 17 469
26 8 414
22 35 11
31 8 429
33 1 345
6 7 16
32 33 256
12 11 301
37 11 101
8 34 146
26 33 312
10 16 493
24 13 231
35 31 233
27 19 327
15 23 99
14 9 192
23 24 492
5 27 370
4 34 148
30 5 338
14 18 127
8 27 347
34 27 58
9 34 269
14 2 281
18 5 275
16 36 476
37 4 446
18 13 22
6 20 335
2 39 141
24 34 466
13 15 193
14 7 497
30 3 315
27 32 335
20 31 490
9 6 181
27 3 299
23 27 78
13 3 226
34 6 182
25 23 427
6 22 456
4 7 460
9 28 221
17 25 194
34 23 191
27 21 20
10 37 294
37 12 323
3 38 260
26 3 125
21 30 382
26 38 381
4 28 488
33 11 122
17 3 152
38 5 240
1 7 481
1 11 408
27 16 253
35 4 156
16 23 365
20 36 177
33 16 356
28 29 489
29 9 228
7 36 245
35 19 357
8 5 412
29 18 411
17 31 447
10 32 86
20 11 77
28 27 303
16 1 124
11 26 466
21 39 60
4 31 248
32 7 445
7 33 63
20 32 139
5 13 230
27 9 164
24 5 276
19 29 81
26 29 183
32 18 86
8 4 16
23 38 451
32 35 376
7 34 421
21 16 222
30 29 381
26 4 413
9 22 197
31 37 460
21 28 379
22 32 429
34 1 175
15 33 119
9 37 101
33 10 328
12 30 215
16 19 467
22 8 124
1 30 103
16 37 273
39 20 349
26 31 391
8 11 77
25 35 106
32 26 330
31 23 302
3 16 154
24 6 440
8 20 8
23 21 365
8 17 292
27 20 31
28 15 163
19 31 300
38 2 20
22 25 12
12 36 116
24 22 254
31 24 63
6 28 210
37 24 409
19 2 466
9 31 375
10 24 474
13 6 382
19 13 142
19 18 462
34 39 348
17 15 499
31 22 463
23 3 412
9 1 144
31 12 305
25 26 212
10 12 404
11 22 11
38 35 213
36 10 106
2 12 320
8 14 344
21 34 76
19 20 49
21 19 346
2 3 394
36 23 249
1 19 142
34 33 379
34 25 73
2 29 216
17 21 339
30 20 63
20 35 336
20 4 316
11 6 145
11 38 318
2 17 283
5 2 44
38 10 284
10 35 316
1 2 43
1 21 57
38 18 10
12 28 256
24 18 97
5 39 481
3 35 62
28 3 446
5 28 245
13 36 255
33 36 279
18 37 289
33 19 334
1 18 267
24 25 451
33 4 317
9 32 301
32 14 461
4 25 128
34 12 392
13 7 490
10 9 49
25 28 292
29 37 323
35 16 239
30 34 57
20 34 341
32 28 316
35 37 41
12 25 370
9 20 251
31 34 266
17 18 173
5 20 264
35 39 498
34 11 279
31 7 227
5 6 249
25 15 356
31 21 438
21 24 179
21 25 107
29 32 57
18 26 373
39 1 73
11 31 137
25 20 204
29 15 66
21 5 69
18 25 91
24 3 374
10 26 178
21 3 334
8 33 144
3 19 486
33 31 414
18 30 325
14 30 423
9 30 56
15 7 326
18 3 425
23 13 73
18 6 30
31 27 138
2 15 464
2 32 86
9 35 216
5 11 70
18 36 253
39 15 480
35 12 466
6 15 392
15 20 427
11 15 250
12 27 417
39 24 58
35 2 110
4 21 464
35 34 195
18 16 427
22 19 82
10 5 279
10 27 441
26 21 227
2 21 440
26 34 384
16 34 157
2 26 298
5 3 108
19 4 293
10 17 426
13 26 165
8 36 324
17 1 13
7 19 61
6 31 485
27 24 378
15 5 499
14 36 227
37 25 478
36 32 361
28 10 114
7 17 418
10 30 249
28 14 328
13 39 281
4 12 176
20 21 86
26 14 93
25 16 7
11 29 389
38 12 388
6 23 18
16 26 398
38 33 350
13 34 274
23 2 4
38 8 299
16 12 362
26 9 40
7 26 339
17 29 114
14 27 463
36 34 224
12 14 225
12 1 386
5 1 494
29 39 196
32 17 473
16 20 54
28 38 228
23 10 419
25 19 115
9 17 218
36 21 463
21 29 209
10 15 370
18 39 123
4 29 278
12 19 193
6 3 301
29 27 123
13 22 120
30 26 61
29 12 246
33 5 174
7 22 135
12 32 6
6 12 337
25 38 461
30 6 31
34 3 142
