372 32 22
20 12 271
29 23 189
29 19 24
19 11 94
6 23 195
15 13 110
23 28 1
2 32 369
16 14 310
2 10 162
21 4 304
14 2 301
26 12 213
32 1 325
26 4 477
1 18 168
30 26 330
32 29 118
11 32 222
13 29 295
9 19 112
18 27 151
25 24 266
1 30 133
29 2 342
8 23 376
13 2 309
25 11 23
12 27 31
28 16 400
1 24 186
6 1 99
2 27 8
29 7 341
5 12 142
26 11 332
9 20 4
22 31 62
16 22 318
30 17 161
30 15 135
32 22 18
7 9 256
29 6 417
20 16 390
21 5 261
1 16 491
25 22 389
10 3 436
24 17 368
15 8 304
10 11 152
2 12 203
16 13 323
29 21 106
6 16 53
4 19 39
16 30 83
2 28 196
10 22 407
8 29 201
7 1 411
4 12 181
32 3 71
21 27 358
6 18 404
3 19 476
11 17 343
3 31 350
9 21 258
9 3 158
12 15 178
15 31 211
25 29 305
11 2 106
26 5 407
28 6 398
5 17 333
21 16 409
32 23 412
30 18 121
12 9 104
32 5 443
25 17 474
28 9 138
27 24 73
11 27 496
21 3 141
31 14 227
10 24 356
17 4 62
7 21 51
2 19 458
20 27 85
31 21 118
19 21 360
18 32 482
6 12 319
31 13 103
22 1 80
11 12 151
24 32 261
11 3 380
29 5 492
7 25 177
2 4 288
30 3 446
14 4 294
14 7 273
17 3 47
25 30 297
17 12 172
26 1 416
9 8 108
27 28 309
29 18 32
27 13 432
27 3 221
17 20 344
14 5 388
2 20 243
6 7 23
3 23 160
2 24 364
3 13 71
1 12 407
26 2 275
2 18 78
2 30 472
21 8 329
22 3 494
32 9 321
9 18 345
23 5 20
15 14 405
22 20 419
25 21 202
24 15 85
26 9 134
31 20 109
22 15 264
14 8 183
9 6 286
13 32 341
29 31 132
8 1 35
11 16 127
9 1 245
10 17 163
31 11 217
26 19 325
19 22 195
5 24 397
20 29 101
16 27 463
7 19 51
27 8 83
16 12 10
15 26 388
14 12 399
23 31 137
31 9 83
32 16 310
9 30 61
7 24 230
17 21 12
28 15 28
8 30 263
29 26 218
27 10 427
6 22 242
15 16 289
30 7 436
14 20 12
19 25 472
5 16 473
8 31 69
24 22 11
16 8 423
23 26 429
30 11 18
31 7 418
18 23 22
17 27 242
11 14 140
11 18 266
26 21 276
4 24 203
12 23 383
19 5 5
19 14 197
7 2 271
22 8 369
4 16 222
7 11 249
19 28 412
26 27 417
18 22 214
7 10 79
32 10 400
23 22 376
4 27 273
6 17 352
31 10 403
19 12 408
28 4 122
26 20 460
24 19 286
3 5 224
5 11 117
15 17 389
4 11 71
5 18 196
19 17 194
14 9 34
7 26 339
23 17 189
18 31 397
19 32 323
15 19 261
7 5 335
27 29 366
28 31 214
11 21 279
5 31 313
19 6 131
8 32 352
27 1 389
16 31 314
28 18 245
6 25 83
27 19 207
32 12 283
4 7 15
22 28 439
15 3 275
20 7 261
15 20 221
24 29 243
28 5 417
6 14 132
8 26 28
19 20 261
5 1 472
30 20 369
23 11 289
32 4 247
12 25 478
7 8 15
12 21 202
29 17 437
3 18 354
6 11 277
23 25 461
22 21 161
17 18 88
25 5 308
32 20 292
24 28 7
23 1 280
28 14 473
21 1 428
22 7 150
18 13 383
3 4 275
19 1 158
4 8 226
9 29 365
31 19 358
14 10 141
23 13 209
32 15 237
4 31 470
30 13 127
4 15 210
18 24 99
15 10 375
6 5 215
26 6 419
16 19 488
16 26 436
31 24 312
25 15 238
2 9 321
18 26 478
13 22 11
26 3 274
14 26 424
28 25 326
28 12 362
4 18 480
18 12 120
3 12 106
8 28 214
15 27 77
20 6 447
4 9 92
16 10 454
29 15 289
21 18 285
28 1 392
5 9 410
28 30 398
25 27 145
13 19 44
23 15 9
32 30 298
8 17 72
6 4 234
29 3 17
30 5 74
7 12 399
6 8 41
9 23 56
31 1 159
7 23 306
30 22 400
14 27 179
19 18 128
9 16 299
13 8 326
26 22 249
2 22 31
6 30 415
10 23 410
8 5 340
30 23 173
27 5 104
6 15 43
28 20 347
26 17 397
2 17 368
18 14 274
30 14 187
22 4 413
29 22 462
1 17 396
22 17 190
25 13 228
30 24 7
14 21 84
31 30 451
16 17 292
29 30 337
31 27 16
31 25 175
13 7 36
13 17 268
9 24 270
32 17 410
10 21 38
13 9 442
27 9 111
16 18 233
14 23 370
31 26 424
24 11 335
24 8 31
13 6 87
24 21 419
8 11 424
15 7 54
10 26 49
8 19 15
30 19 349
20 21 170
23 19 267
24 20 100
6 32 34
18 10 39
20 10 359
13 26 195
