105 21 491
4 13 57
6 15 33
6 18 367
19 17 314
20 11 411
1 11 199
8 17 434
2 9 122
16 17 36
14 20 189
17 1 285
15 7 25
21 9 376
8 13 407
2 18 441
21 1 476
14 15 311
13 17 268
8 5 122
4 7 187
8 20 252
4 9 394
4 17 37
9 8 418
21 16 320
20 9 271
14 4 332
2 19 59
11 9 482
7 2 152
12 10 245
2 15 195
13 9 496
13 1 435
5 19 421
11 16 275
3 12 96
15 3 70
20 21 481
12 4 14
7 12 487
13 21 468
19 18 198
18 20 304
7 14 442
6 19 455
19 15 178
5 10 283
12 1 222
3 11 455
15 21 435
2 21 5
7 13 407
6 3 318
19 9 150
5 4 305
12 6 5
3 19 466
13 3 381
11 5 338
12 2 44
10 7 329
3 7 334
4 21 459
21 10 302
7 8 232
15 9 282
1 3 478
16 12 213
8 14 88
21 6 182
16 2 13
18 9 452
4 11 494
12 20 470
7 6 29
5 13 89
12 14 205
11 14 311
15 5 285
10 2 480
15 4 384
4 8 231
18 1 45
19 1 327
15 20 389
18 5 204
11 10 33
3 4 437
6 4 129
19 21 287
14 19 160
3 18 338
21 7 328
9 14 324
6 8 429
16 14 53
19 7 391
15 12 87
20 5 26
18 12 361
16 15 159
18 7 298
8 15 372
18 11 347
