276 24 303
17 19 469
9 2 263
9 13 78
10 23 452
19 24 239
10 20 417
12 11 253
17 1 390
23 2 188
4 18 295
7 12 242
17 5 61
5 10 111
21 9 124
21 13 487
5 3 456
3 20 415
22 18 186
6 22 259
10 12 378
15 20 335
20 14 465
20 24 143
21 15 86
2 24 348
12 9 416
24 21 55
7 20 186
6 2 75
1 11 230
24 4 207
18 11 32
8 1 176
20 13 254
11 21 462
20 1 398
11 20 10
10 13 435
4 10 29
23 20 222
13 3 62
12 24 96
13 2 78
24 11 351
18 2 362
9 4 497
22 5 221
2 17 401
9 16 38
17 6 153
11 5 189
11 2 245
22 1 136
1 3 313
15 7 354
5 18 483
7 4 299
20 19 34
9 10 93
11 15 192
12 21 36
23 11 80
14 2 97
5 6 192
2 1 339
16 19 99
2 20 437
14 17 281
21 16 151
20 4 435
22 13 39
10 8 52
12 8 133
16 22 326
1 4 129
17 9 483
21 6 63
18 7 81
19 1 251
18 20 90
6 12 176
19 21 122
3 10 169
15 14 191
9 22 370
18 13 247
7 10 220
1 7 56
10 2 318
19 8 105
20 21 82
1 24 42
24 16 428
18 12 475
1 9 23
5 14 270
20 16 198
3 9 496
19 11 269
10 16 191
21 4 394
4 17 463
13 15 368
8 18 143
6 15 404
23 24 226
6 16 39
23 22 166
23 1 250
6 19 27
24 6 100
17 18 60
3 23 301
2 22 183
12 14 124
5 7 351
3 16 292
12 17 85
4 23 57
15 3 107
13 24 299
17 23 139
19 10 497
18 24 107
16 12 424
1 18 156
6 7 422
7 3 26
4 8 80
8 22 456
16 17 438
11 14 355
9 18 32
9 5 161
24 9 400
16 15 35
5 2 135
6 4 191
2 3 455
17 8 208
11 8 465
7 16 482
19 12 21
16 4 361
8 24 165
17 3 449
5 8 261
21 3 149
20 6 157
21 5 460
10 17 100
21 1 327
19 2 8
17 20 436
8 7 221
13 5 244
12 22 105
16 2 279
5 15 453
17 11 231
12 2 321
14 16 354
13 14 240
10 21 91
24 7 138
6 10 122
14 7 68
23 21 26
15 9 211
13 11 266
11 4 78
12 3 300
3 22 381
20 5 376
1 12 288
7 19 67
15 1 372
8 9 79
15 24 62
15 19 313
20 12 408
3 8 112
15 23 216
14 9 139
10 18 398
10 11 318
8 15 85
14 24 283
17 22 328
4 14 194
23 19 309
4 19 266
6 18 377
11 6 260
3 19 440
3 4 31
13 6 162
12 15 331
15 18 303
14 18 218
14 10 444
5 23 107
9 23 160
16 8 466
13 19 112
7 2 218
16 11 382
19 5 297
17 13 309
13 8 281
13 16 94
14 8 336
13 23 489
4 15 222
9 6 127
20 22 251
21 17 393
1 6 375
22 10 390
11 22 79
8 20 145
17 15 158
21 7 48
17 24 361
14 1 121
3 14 312
23 14 459
19 14 1
22 19 416
5 16 337
11 3 218
13 1 419
13 4 11
22 4 303
2 4 325
22 14 63
21 22 484
10 15 80
18 21 463
9 7 379
18 23 53
2 15 257
9 19 288
23 7 402
5 24 274
16 18 133
8 23 203
9 20 377
22 7 256
7 17 493
12 4 388
5 4 160
18 19 175
1 16 248
14 21 350
23 12 275
13 7 77
23 16 343
18 3 255
13 12 20
3 24 17
23 6 194
5 12 61
10 24 421
1 10 226
2 21 93
6 14 441
5 1 37
9 11 269
8 21 147
3 6 170
24 22 448
6 8 174
8 2 126
15 22 453
11 7 295
