205 41 23
19 27 484
15 20 4
40 37 118
26 39 97
15 24 136
25 27 497
6 14 464
40 21 382
38 15 65
7 4 272
11 25 460
24 14 378
31 9 382
5 41 441
8 6 24
6 31 288
8 7 240
39 18 483
25 12 417
26 30 331
22 15 276
25 7 224
16 26 109
26 1 100
36 21 119
14 19 190
35 3 212
40 36 386
39 37 357
24 35 62
39 1 470
22 21 244
36 27 461
36 38 38
32 2 394
23 1 1
1 10 119
15 36 195
16 24 192
18 36 492
5 16 290
23 29 358
2 40 172
3 19 464
9 15 485
29 27 238
41 1 173
41 15 189
30 35 222
9 4 263
21 41 489
26 38 168
31 5 144
26 24 154
6 40 14
10 26 340
31 21 430
31 11 183
23 3 49
40 24 210
17 41 92
12 41 270
35 25 480
11 14 330
2 31 390
8 17 230
24 13 86
20 34 230
20 29 246
36 10 455
8 23 210
6 25 327
1 36 306
13 20 378
19 1 316
23 40 330
27 40 410
33 21 393
29 13 7
20 25 74
41 6 319
5 34 264
23 22 94
28 2 371
23 38 314
6 33 245
3 2 284
10 2 305
28 21 43
33 20 171
28 14 117
38 9 175
41 3 171
8 4 440
16 21 132
28 37 67
12 11 138
30 37 347
40 3 9
13 40 143
32 17 436
16 38 150
36 22 9
15 28 155
12 1 373
15 14 270
35 1 132
17 30 272
22 26 290
26 35 435
21 3 287
37 17 106
17 1 55
36 14 76
24 20 111
13 12 309
6 2 463
19 6 326
32 28 382
36 39 400
39 10 255
24 23 404
38 27 168
39 21 189
28 19 167
19 12 283
6 26 211
25 24 453
9 6 105
38 11 233
30 22 214
38 14 196
1 6 360
17 39 86
39 3 107
5 3 30
17 36 371
9 10 82
37 33 135
39 29 115
30 36 498
29 15 251
28 5 277
19 29 294
40 4 379
21 12 189
40 22 247
1 28 5
7 22 408
31 30 296
27 3 370
40 34 274
13 16 271
4 33 126
20 19 364
36 5 327
38 41 221
15 8 150
25 9 480
10 16 108
30 16 326
4 35 351
19 16 384
35 12 397
2 24 256
28 30 475
40 15 489
20 41 205
13 1 281
34 16 368
18 27 326
24 9 306
30 12 439
22 35 497
14 31 163
23 13 49
26 8 409
11 7 475
34 41 70
13 26 209
21 6 50
11 1 259
8 28 43
31 17 176
41 14 417
31 26 144
14 39 219
33 14 457
34 11 97
27 20 125
21 11 217
29 37 328
41 9 356
30 10 296
29 26 193
32 31 143
32 39 426
2 30 228
35 29 456
31 38 474
37 6 137
32 8 190
2 19 106
34 32 24
20 4 324
