446 35 357
21 13 490
11 5 47
9 25 129
29 4 208
27 29 270
11 23 153
27 2 79
7 30 151
15 11 384
21 23 55
10 14 198
17 27 355
30 21 196
28 25 475
11 9 438
17 15 247
4 23 183
25 8 94
3 10 339
32 34 36
7 18 38
31 4 314
13 26 77
18 35 74
16 11 229
14 27 121
32 12 310
8 15 205
19 29 427
28 2 104
15 31 332
32 31 232
1 32 147
4 16 2
27 15 214
31 35 310
25 29 295
27 23 97
28 8 181
5 7 111
33 8 291
10 27 373
34 24 410
11 25 218
16 20 348
14 6 123
9 18 120
5 19 264
35 27 408
18 11 357
19 2 300
35 5 125
32 22 326
14 15 210
20 24 277
15 6 471
26 30 312
12 25 266
35 26 173
20 22 95
18 32 482
33 18 312
29 33 433
6 29 339
22 18 467
20 7 240
6 27 70
16 6 170
31 33 495
19 20 463
15 33 436
10 19 445
28 5 38
5 26 90
27 22 348
9 17 138
21 29 164
29 7 151
9 29 244
5 32 158
8 1 243
2 31 185
4 22 487
3 18 436
12 17 103
26 11 312
23 15 371
34 29 356
17 26 164
6 13 487
30 23 312
4 27 231
13 27 361
1 16 290
14 16 115
15 13 393
25 10 308
16 33 423
26 22 5
22 21 212
24 21 325
22 10 168
25 19 435
11 35 206
17 6 156
4 11 7
19 18 461
15 10 336
13 12 143
17 32 60
30 16 61
14 31 288
2 33 78
19 14 265
28 16 348
11 14 456
35 19 98
28 14 62
3 25 325
30 32 297
19 1 368
7 23 263
12 4 464
17 8 160
1 26 193
6 21 116
17 29 140
26 10 289
1 28 246
1 4 80
25 24 140
9 24 435
22 28 484
11 21 87
27 7 418
33 7 83
4 20 255
34 18 364
1 13 82
14 32 165
18 6 220
14 35 51
12 14 354
20 27 88
22 31 326
30 4 189
28 34 415
16 35 38
29 26 288
13 31 142
4 26 436
21 35 217
14 20 262
24 15 56
2 4 6
34 30 12
32 9 493
15 29 83
34 20 64
8 26 22
35 33 357
11 2 251
7 28 431
22 15 448
28 4 67
22 14 413
14 13 366
1 11 439
21 17 423
29 10 142
11 12 221
28 9 392
5 31 120
28 29 181
35 4 494
20 5 234
31 7 307
3 5 264
19 11 404
19 22 192
7 35 308
30 25 103
28 32 336
34 11 456
6 7 346
25 20 209
20 21 394
8 29 2
12 21 473
1 7 173
25 17 196
35 13 368
24 13 309
13 30 365
13 4 74
26 24 145
23 9 2
12 6 369
8 7 369
2 10 171
16 5 408
35 15 21
33 6 170
12 16 336
5 9 155
2 13 473
32 10 382
1 29 133
7 26 425
8 3 172
25 2 435
22 7 215
35 12 380
4 33 82
34 13 328
5 1 438
24 14 418
16 26 57
17 35 435
20 13 294
8 12 134
5 14 390
20 17 138
11 32 143
7 32 400
8 4 53
28 3 377
18 23 308
8 16 455
9 8 403
22 9 14
18 2 179
4 9 343
9 21 396
25 33 88
2 9 298
18 10 436
35 24 116
22 5 71
16 22 493
1 33 87
21 10 205
33 9 96
18 31 18
32 29 459
17 13 237
15 30 461
16 25 281
15 7 474
22 23 207
30 29 309
27 28 144
10 13 298
7 16 60
20 29 330
5 23 34
2 1 447
19 15 316
17 4 367
20 15 232
18 29 188
34 35 62
1 10 149
31 10 133
12 33 232
11 31 360
6 8 371
34 9 368
13 18 116
24 28 432
1 14 75
19 31 245
12 27 73
8 32 122
14 23 380
35 3 469
20 31 251
9 35 491
28 6 340
20 26 303
13 29 488
29 14 231
8 11 491
29 22 329
32 20 295
30 8 187
22 17 327
30 17 123
34 21 180
28 18 14
12 28 365
8 27 125
22 25 455
23 12 467
10 5 453
6 4 123
6 26 116
29 12 149
19 30 89
19 21 377
26 21 279
32 4 460
10 6 196
11 7 167
34 6 47
11 13 473
17 5 455
34 3 251
21 27 100
10 20 349
20 23 21
14 17 441
12 2 258
2 16 160
32 19 113
30 28 164
33 30 418
13 33 89
22 13 181
8 14 442
32 15 68
33 3 410
6 5 397
32 23 473
22 11 81
19 13 59
29 5 218
5 13 473
1 21 15
6 30 73
22 30 406
22 34 354
23 26 75
28 13 430
16 32 187
5 30 277
24 11 168
14 9 252
23 16 448
7 19 500
21 8 304
20 28 137
33 24 217
15 28 409
17 16 389
2 23 448
9 16 76
12 34 275
6 11 436
3 15 352
16 15 475
16 3 479
25 4 210
17 2 135
35 29 147
16 34 264
17 1 457
10 24 101
12 15 161
6 2 325
12 19 122
24 27 365
3 1 270
34 23 189
7 2 331
28 26 26
4 34 433
33 23 485
8 35 96
1 12 380
15 21 93
1 24 10
11 17 283
4 21 157
12 10 239
34 8 206
33 32 89
19 6 158
24 12 84
22 24 418
18 27 89
7 10 155
34 27 68
3 6 244
33 11 263
25 23 378
32 25 377
24 30 38
35 25 392
29 3 126
34 5 405
2 29 160
14 34 243
20 33 140
21 33 70
10 16 41
22 3 77
9 13 303
12 18 60
23 24 479
21 7 191
10 30 108
18 5 471
11 3 36
25 18 355
17 7 129
3 7 99
16 19 77
1 34 370
12 31 218
27 1 290
5 12 196
26 33 83
11 27 225
7 24 108
27 19 486
12 22 242
3 17 467
9 15 417
21 14 372
15 5 335
26 18 169
20 11 118
20 12 200
4 3 137
28 33 463
34 19 330
11 29 351
6 32 275
30 20 91
1 25 336
30 11 388
24 3 201
31 1 467
7 25 264
26 12 30
21 3 207
1 22 330
1 15 200
23 29 11
26 2 230
31 9 237
10 8 115
28 35 419
16 18 431
21 25 342
