326 30 91
30 24 146
14 8 261
18 13 357
11 12 273
7 4 308
10 29 216
5 10 89
23 20 464
19 14 327
10 12 213
11 17 371
30 6 53
20 2 164
27 8 170
29 25 446
12 8 328
6 26 299
20 16 346
21 15 19
30 4 4
28 19 107
2 7 94
18 5 18
7 16 486
19 30 54
30 7 492
1 27 25
12 20 55
7 26 411
17 30 74
3 22 63
8 5 22
20 26 183
8 25 419
4 10 3
15 14 297
16 25 42
22 21 241
1 22 329
18 12 56
22 8 120
5 29 410
28 17 369
25 14 492
28 25 420
12 16 437
26 5 477
21 19 75
10 25 197
24 5 393
3 20 349
27 17 264
4 14 307
27 12 241
12 29 193
14 5 232
24 22 444
10 30 173
25 21 354
15 26 37
21 24 283
23 28 151
8 2 257
27 2 488
10 28 454
3 18 353
15 28 174
12 23 24
9 16 151
2 5 27
21 18 110
7 11 352
23 25 360
28 21 54
24 13 460
10 11 237
8 20 361
29 17 310
5 12 8
7 8 335
4 12 439
7 23 458
28 5 242
27 23 40
6 8 239
24 19 183
22 10 284
3 13 321
19 8 337
23 6 219
12 9 177
16 4 186
12 7 351
9 25 98
17 26 57
13 29 361
24 26 204
14 26 326
9 11 231
17 12 82
21 26 6
9 3 328
3 4 12
2 17 391
30 22 81
1 25 8
24 4 213
19 4 76
6 14 93
27 6 88
22 11 300
17 21 469
8 1 481
29 27 36
30 18 272
20 24 59
13 16 372
8 30 101
27 4 259
18 2 261
5 20 52
24 29 261
23 10 487
30 16 484
6 19 273
17 16 325
27 10 205
9 21 244
19 11 315
11 13 171
24 10 387
24 27 79
25 12 227
5 23 267
2 11 170
20 7 100
24 14 338
19 29 144
18 1 389
5 15 372
12 15 144
7 5 266
25 11 283
27 26 325
13 9 273
23 14 87
20 4 402
18 14 48
3 7 352
20 1 245
16 8 378
1 15 71
3 30 488
7 29 223
15 10 60
16 2 225
4 17 101
7 1 381
22 26 454
19 5 160
21 23 336
14 30 31
11 14 284
2 26 479
11 15 105
17 10 180
28 13 139
3 14 17
3 11 29
8 26 77
14 2 190
24 25 4
6 24 437
12 26 346
23 11 401
10 6 158
14 27 375
28 8 467
27 19 251
25 15 381
14 13 437
9 30 393
30 12 36
13 5 462
28 4 55
20 10 138
7 14 453
18 20 381
26 18 120
18 22 287
22 6 131
15 8 421
24 15 302
1 12 91
9 10 354
29 30 219
29 14 44
3 26 326
8 23 408
16 6 141
15 17 135
5 9 218
21 1 72
10 18 348
8 24 351
1 17 85
19 1 179
9 23 62
28 20 278
8 18 367
6 17 235
3 1 260
13 6 205
4 9 317
13 23 223
15 3 345
25 18 70
10 19 448
14 1 321
21 14 384
8 4 279
15 19 492
20 14 280
6 29 415
13 17 420
29 3 90
30 23 349
1 30 321
21 16 391
9 29 87
4 1 279
13 26 433
1 16 156
17 8 428
29 11 424
23 15 138
16 23 26
27 13 197
9 24 103
3 2 303
16 28 185
23 17 71
9 18 407
2 10 220
8 29 472
3 27 413
28 3 299
13 8 391
1 2 179
16 10 147
13 30 44
20 11 499
28 1 359
20 15 233
6 25 146
22 27 241
13 4 229
24 11 187
29 15 121
15 4 358
30 5 144
29 4 455
28 29 214
14 9 318
1 26 117
2 24 182
30 27 136
6 7 355
3 12 171
29 16 293
16 14 259
10 14 329
10 8 245
17 19 257
15 16 51
17 18 367
19 9 173
12 13 356
17 14 272
10 21 158
8 3 387
24 17 231
20 25 414
2 21 357
5 25 31
11 16 362
28 26 72
2 23 433
2 6 419
20 21 45
26 19 332
21 3 86
4 5 238
2 22 316
12 14 51
17 5 41
2 28 388
23 19 41
7 25 75
13 7 243
3 16 229
18 29 201
15 7 189
3 17 444
10 3 161
9 26 478
18 19 481
21 6 223
9 2 267
6 1 232
4 21 172
28 30 335
16 26 193
25 3 223
25 19 178
16 27 117
13 22 52
11 27 384
28 27 374
30 15 132
28 11 231
27 21 295
17 25 25
9 15 200
11 8 220
22 16 104
