1176 49 42
42 27 197
38 2 491
3 26 98
15 7 30
31 2 438
26 34 82
16 3 34
1 42 285
26 35 360
20 36 137
13 5 342
13 43 384
27 28 51
1 11 233
6 21 415
22 40 276
47 48 399
6 48 128
19 9 241
13 36 84
24 6 31
34 15 201
31 25 398
29 36 279
10 13 383
20 42 436
42 11 427
13 35 301
5 25 7
38 22 431
10 26 455
39 9 244
8 41 25
8 39 92
32 48 343
20 10 387
14 34 400
28 29 233
30 21 342
28 6 54
2 9 263
22 4 226
13 24 458
49 18 330
23 33 156
5 6 346
25 46 70
45 40 79
32 15 316
4 14 384
15 8 193
20 32 92
10 21 469
18 15 255
39 33 176
34 5 459
7 18 257
36 6 116
47 31 2
41 24 41
17 43 229
1 45 268
17 37 490
3 31 103
34 25 482
2 46 182
39 1 133
39 5 166
40 44 147
1 3 53
49 44 421
44 17 437
14 39 498
49 14 492
27 13 444
34 48 433
48 23 87
45 3 496
21 5 500
33 12 450
24 10 497
25 2 256
5 49 390
14 40 334
46 8 326
3 43 379
36 32 463
12 18 229
5 41 55
19 36 454
46 17 17
11 47 289
12 24 370
25 47 459
5 27 177
2 8 102
13 30 21
36 1 300
10 45 1
38 11 437
37 14 131
21 26 276
47 9 130
41 17 202
31 13 245
33 2 392
12 41 498
20 26 95
9 45 57
32 22 393
37 33 26
15 19 371
30 27 98
32 41 86
20 12 294
27 16 167
27 20 358
41 43 387
45 27 231
35 40 57
49 11 94
26 30 101
44 29 210
12 5 270
17 15 84
28 15 93
5 31 269
46 35 363
32 40 152
4 1 229
24 4 89
32 49 175
36 24 9
3 15 57
24 31 398
35 2 482
25 45 53
43 8 322
31 14 180
29 35 385
36 40 195
3 12 285
38 48 11
34 17 354
30 32 41
40 27 336
10 1 75
30 44 138
20 16 258
34 39 500
47 27 204
40 12 341
37 45 311
41 2 323
13 3 231
46 13 166
9 3 72
43 1 368
12 2 68
9 42 487
15 4 33
35 31 48
7 13 456
5 14 16
37 19 139
19 40 5
49 45 345
16 31 261
12 21 173
25 29 294
18 11 456
7 37 334
3 28 240
27 34 312
37 18 10
36 47 333
12 14 2
16 47 368
26 27 50
5 19 33
21 14 83
12 25 389
33 4 269
15 42 334
20 40 270
23 46 500
34 35 64
4 11 366
9 5 124
2 7 451
22 10 122
34 9 476
20 34 237
47 38 220
32 13 196
32 21 480
8 20 31
7 42 125
36 48 110
41 39 358
7 48 312
19 16 136
30 18 203
48 5 180
25 20 451
47 39 301
38 40 92
44 23 436
41 30 365
28 36 33
41 16 321
47 20 500
45 28 45
28 18 185
10 2 398
5 20 185
17 18 96
32 26 386
8 38 482
29 12 292
47 13 168
19 27 458
31 38 442
43 31 352
23 40 217
5 2 243
10 8 311
42 36 289
45 29 193
18 16 59
26 7 126
30 46 471
39 37 107
2 44 96
1 22 301
39 28 73
34 10 343
34 3 28
44 32 305
48 21 364
3 37 9
9 48 415
28 44 191
10 12 471
46 15 65
3 7 439
6 13 493
2 20 494
42 48 83
16 2 184
34 7 276
1 35 144
40 30 261
34 32 468
26 33 145
22 39 253
32 39 184
14 30 112
12 13 127
15 5 310
49 12 283
48 46 57
2 21 305
33 25 104
40 5 248
14 46 98
14 7 218
8 34 39
43 29 168
36 33 274
45 46 422
26 5 451
41 26 267
12 6 155
41 29 492
12 37 416
12 32 369
28 31 301
45 43 209
32 17 180
24 40 65
36 31 158
10 5 35
23 14 167
3 27 288
6 38 290
48 25 142
16 45 451
28 8 117
24 23 185
31 49 409
25 32 323
39 19 312
22 17 276
40 49 484
39 30 103
32 23 4
17 20 274
45 14 107
11 31 105
13 26 185
7 28 467
42 10 487
1 46 214
12 7 15
2 18 487
39 16 42
7 10 106
7 24 53
3 33 277
10 17 11
1 31 147
41 4 221
44 1 301
30 25 306
29 47 30
45 5 258
26 47 320
29 38 410
39 38 447
45 36 339
41 10 168
30 7 396
33 7 331
28 10 133
7 20 53
32 29 384
43 32 295
22 20 72
34 30 81
44 10 144
12 43 438
14 25 239
44 19 68
29 23 455
46 19 213
13 40 427
20 31 53
4 6 466
31 9 472
9 35 280
48 29 368
13 33 398
24 25 241
24 5 40
18 14 289
26 2 240
5 23 110
45 22 273
10 49 51
36 18 305
20 46 261
34 36 445
17 29 50
27 14 113
22 41 478
46 37 214
15 13 133
46 26 252
8 1 384
23 36 61
2 42 496
10 38 198
35 25 342
19 13 445
17 9 61
3 19 279
48 20 218
11 13 11
47 37 292
19 41 136
15 24 2
38 13 22
45 34 175
42 8 250
30 33 125
19 48 102
40 48 70
5 30 176
42 30 418
36 17 106
27 10 320
22 13 36
21 24 421
5 7 331
49 38 150
13 41 79
21 25 235
30 31 300
11 8 82
19 26 487
38 41 369
29 34 437
49 48 303
6 16 163
31 8 283
36 12 263
4 46 353
23 22 485
38 15 128
48 12 94
11 33 28
3 24 440
41 3 63
41 9 392
49 21 331
23 11 388
39 3 391
18 21 497
35 47 122
19 20 185
25 40 274
5 18 30
20 43 446
16 24 279
17 12 375
3 2 70
7 27 220
36 44 215
10 39 90
46 40 25
15 45 438
7 6 466
35 44 481
9 33 408
5 22 470
21 42 495
24 38 155
24 44 97
28 48 327
14 10 147
27 29 414
22 18 164
41 31 39
47 18 280
16 43 464
26 23 246
22 19 327
26 12 497
35 8 12
32 35 183
16 8 257
38 44 264
43 39 357
2 27 409
42 40 336
16 49 498
5 16 400
14 41 64
15 1 473
5 32 187
41 11 8
9 18 67
29 24 418
36 43 201
30 2 115
28 9 6
24 37 397
19 42 270
34 44 269
16 32 244
22 46 175
31 29 268
32 31 79
25 28 398
19 6 406
22 34 353
1 24 251
16 44 198
48 16 52
23 43 497
1 13 312
9 38 9
16 1 492
28 11 349
32 24 385
13 29 100
19 31 405
34 19 251
27 33 18
11 43 89
40 43 341
39 11 253
4 19 349
15 22 472
45 24 482
27 4 121
3 11 290
44 31 384
39 4 352
43 19 229
45 35 179
27 12 414
2 4 252
21 29 55
31 10 24
18 31 327
18 23 342
48 8 450
6 3 271
23 1 493
6 23 331
47 12 331
4 23 94
49 26 40
39 20 300
2 22 277
9 22 419
46 29 211
6 30 280
21 11 395
40 26 279
20 14 21
17 38 242
14 9 74
26 22 154
25 15 179
29 15 399
15 26 338
3 48 46
41 37 152
43 18 65
21 20 285
42 14 231
29 14 380
32 38 493
1 29 75
5 28 175
30 17 216
21 39 52
18 19 123
29 11 323
8 33 366
5 3 434
45 26 375
36 49 278
28 21 416
30 28 497
28 40 350
5 17 324
16 34 462
36 30 446
16 23 167
42 18 88
14 2 182
4 47 36
46 42 257
49 39 436
21 22 225
42 31 173
15 39 378
31 27 335
30 48 174
48 17 196
8 5 475
14 22 409
46 12 446
19 30 130
14 44 257
23 35 187
47 44 386
24 26 269
30 11 284
15 23 440
42 43 18
37 5 134
25 7 98
18 40 151
9 40 328
34 12 177
35 41 473
33 40 34
17 49 351
9 15 397
2 29 347
25 36 228
42 26 308
5 46 229
39 2 215
19 8 459
36 22 350
47 33 36
17 31 93
48 41 308
2 49 188
7 40 368
21 37 179
11 40 213
33 28 403
43 6 344
1 49 255
46 32 163
32 37 409
43 38 252
31 21 460
43 14 439
13 34 304
33 29 340
18 35 199
22 29 90
8 9 158
36 46 467
28 37 459
7 22 160
44 27 245
12 8 417
33 22 34
13 4 90
25 9 265
37 40 161
1 25 237
24 35 208
10 35 197
46 11 102
16 26 339
7 49 98
45 41 272
21 13 305
15 2 81
33 18 161
21 47 399
21 43 183
45 8 180
47 32 135
27 32 222
20 3 165
17 2 9
44 39 428
17 19 142
8 17 49
2 6 286
20 35 26
24 18 394
34 46 252
39 17 51
32 45 469
33 49 329
33 31 220
28 20 413
38 34 380
21 17 330
34 33 399
36 3 405
42 41 207
29 30 340
49 24 181
38 20 170
14 8 363
47 41 78
20 11 484
18 41 117
4 16 142
14 17 239
32 42 89
46 41 160
49 28 482
27 49 196
38 12 60
36 37 293
18 45 182
27 39 467
42 13 403
47 24 21
33 14 182
35 14 246
23 17 264
12 23 227
19 35 334
25 3 325
15 35 122
34 40 37
12 44 273
32 11 217
33 38 103
18 26 343
16 7 321
24 9 293
4 30 34
4 44 241
17 26 31
14 6 52
17 42 274
14 19 355
7 46 475
38 26 392
11 37 301
4 9 7
38 18 122
32 7 441
11 22 403
4 38 7
44 18 7
47 6 493
48 43 442
47 22 56
37 22 474
13 39 28
30 43 385
28 4 5
7 36 336
19 38 361
11 5 253
15 37 197
48 10 257
38 42 365
3 42 427
41 34 405
49 13 479
9 23 366
22 28 254
38 14 348
39 12 148
13 23 493
15 27 149
25 18 159
6 44 67
43 9 172
16 14 482
29 20 471
8 25 441
21 38 293
41 33 453
16 22 275
49 4 184
16 40 245
16 36 420
7 41 385
21 41 257
6 37 272
15 14 414
33 5 146
38 28 450
11 34 240
42 28 461
31 37 240
8 24 230
1 2 52
9 26 147
42 25 375
37 1 108
36 21 175
6 42 31
30 12 183
10 15 206
13 16 286
45 13 276
22 27 397
24 20 303
27 6 245
46 16 178
25 41 108
25 6 56
10 47 7
4 26 448
23 30 213
1 38 90
11 14 60
35 3 447
23 28 125
40 4 421
23 2 283
43 37 17
9 32 149
11 35 173
23 20 431
5 38 334
34 21 33
47 46 151
45 2 446
9 20 31
41 40 174
8 22 51
33 46 173
30 35 300
25 19 440
3 8 280
6 26 64
25 10 192
29 10 256
48 11 433
13 17 25
37 42 173
11 24 447
37 29 390
45 21 461
31 40 180
25 43 214
11 15 64
31 39 58
30 16 186
10 18 443
8 6 150
26 11 203
32 1 230
42 49 221
33 6 335
45 44 307
13 44 149
44 42 150
29 8 29
30 37 214
1 12 107
19 29 306
47 42 330
26 28 239
17 7 249
40 10 136
18 46 169
33 24 157
9 12 350
49 41 437
9 29 284
7 44 285
20 44 50
16 38 267
24 27 335
47 28 45
11 9 25
33 16 99
34 28 283
5 36 3
43 4 420
44 15 267
37 16 204
1 33 488
13 9 51
11 44 401
43 26 14
10 19 216
45 4 500
18 8 107
33 44 353
30 20 61
19 28 294
40 8 256
48 14 345
42 29 256
35 27 462
36 11 392
41 6 20
47 34 219
34 37 74
32 2 60
6 20 177
11 6 180
45 47 495
17 1 239
23 37 482
21 35 387
5 4 232
35 16 100
43 28 286
9 6 22
15 12 121
33 32 232
21 8 361
19 12 314
18 3 494
21 3 64
35 12 45
36 27 233
7 1 200
29 40 86
2 43 214
35 28 254
44 22 461
44 48 64
1 28 177
43 7 237
27 48 83
31 45 249
37 25 22
43 24 409
43 44 27
35 36 379
36 15 14
11 17 297
43 33 395
35 4 396
33 15 41
17 28 353
29 3 449
45 7 443
5 44 162
13 2 480
17 3 331
38 7 67
31 26 33
47 49 275
19 1 4
16 42 272
39 18 406
26 36 191
48 45 76
47 40 261
26 39 131
27 38 262
12 4 271
49 29 157
7 9 10
12 11 79
16 10 414
34 31 417
38 3 470
25 13 479
29 7 240
49 15 476
21 15 234
22 43 151
7 39 306
22 6 167
22 35 282
21 46 399
48 24 159
1 30 367
46 10 279
34 2 370
46 24 367
6 34 39
12 22 38
24 39 243
6 35 283
2 47 30
6 10 83
27 43 224
23 39 456
23 10 310
48 22 270
39 6 364
19 7 117
37 48 273
30 47 21
13 14 471
38 45 314
3 32 38
40 39 289
1 9 378
10 30 348
48 1 171
23 42 434
47 23 380
5 35 103
1 40 135
6 29 427
27 11 490
5 42 340
38 35 146
19 45 422
6 45 102
43 46 38
16 12 67
8 32 204
8 36 285
5 43 473
48 31 124
4 7 42
44 37 82
16 29 83
8 23 299
24 19 164
27 21 394
37 9 400
32 18 490
35 7 272
6 32 43
22 25 168
21 19 353
32 28 180
34 43 482
23 27 259
15 20 80
27 25 117
38 46 342
10 3 27
20 18 49
1 21 475
18 27 249
45 20 255
4 20 133
49 37 321
42 34 81
17 40 98
34 49 148
35 49 157
49 46 296
48 13 403
8 30 380
13 8 227
3 49 149
26 25 265
15 48 278
1 6 438
27 46 305
30 22 192
17 16 472
40 3 247
35 37 180
12 31 194
37 38 122
9 36 157
18 29 217
44 8 124
26 48 142
48 33 142
3 23 361
19 11 235
46 28 352
25 16 449
29 5 249
41 44 319
46 6 222
28 2 381
11 10 38
9 49 405
7 23 412
16 15 209
29 26 358
47 19 369
23 25 134
4 29 273
26 14 248
3 47 254
25 39 47
9 10 301
18 13 384
20 13 118
47 7 299
21 16 103
6 31 483
9 16 119
1 47 307
44 25 158
14 28 170
49 43 79
41 27 388
11 25 318
46 31 181
28 12 89
39 35 30
35 33 32
46 3 58
39 48 276
15 47 182
28 41 410
49 19 296
4 10 225
49 20 226
47 8 371
26 8 484
12 42 137
34 1 280
32 19 143
39 36 288
49 22 116
2 37 498
38 30 472
4 8 456
31 15 293
47 43 103
33 20 144
21 9 120
49 6 320
18 4 53
23 21 172
11 45 176
35 48 255
45 33 138
17 4 375
23 34 329
15 41 148
14 1 491
25 49 49
27 17 324
43 15 425
17 33 378
4 21 6
1 41 90
18 34 336
17 35 484
3 22 381
47 17 358
34 4 202
1 20 302
33 21 371
7 31 472
36 41 197
4 36 483
4 42 381
17 6 361
39 46 140
4 32 469
37 8 75
21 7 74
36 10 493
17 45 189
24 17 31
21 40 366
37 26 427
13 37 241
28 24 437
9 27 108
27 1 118
45 23 102
3 44 321
7 11 269
3 4 437
35 42 138
31 23 182
8 27 116
30 9 441
18 1 203
15 40 139
23 38 55
45 39 301
25 4 133
30 49 19
24 34 51
24 22 46
10 43 417
48 2 240
26 1 130
24 42 227
17 25 141
37 4 189
10 33 104
6 40 37
20 41 171
22 31 161
15 6 17
42 33 230
19 33 219
45 42 187
32 10 401
13 28 332
49 23 184
2 11 272
3 30 259
2 40 257
24 14 386
8 7 38
44 9 485
39 42 57
4 48 450
23 41 436
14 32 121
19 2 244
28 16 485
30 45 241
43 35 170
44 46 457
14 36 260
44 21 73
38 36 480
22 42 53
20 37 19
48 18 54
49 8 380
12 45 131
27 37 413
30 15 459
4 31 452
46 9 399
2 24 453
37 10 130
14 3 248
26 44 9
11 16 129
5 1 473
38 25 380
14 47 256
39 29 48
18 6 44
19 23 204
47 5 360
36 2 100
30 24 19
