496 32 6
26 24 206
17 6 108
28 23 75
9 26 490
30 6 263
17 20 111
16 25 284
10 11 140
3 8 416
24 25 371
22 20 433
27 16 333
14 29 57
15 4 214
17 13 472
29 17 410
4 5 242
1 8 365
20 24 370
25 8 461
25 20 428
17 11 322
15 28 157
17 26 45
19 25 356
3 22 198
10 18 340
2 25 437
20 6 213
15 19 136
2 16 219
6 24 252
31 16 48
22 15 255
9 12 337
31 24 197
15 3 24
3 9 213
18 24 441
19 22 101
30 22 442
26 8 261
9 24 3
14 15 127
20 7 202
14 24 466
30 8 491
31 5 184
1 26 11
23 2 481
24 8 43
16 17 392
2 3 95
28 2 278
26 28 497
26 15 285
22 28 140
13 22 275
20 5 472
11 9 179
32 4 41
1 10 403
13 30 372
27 8 252
29 26 83
18 2 35
24 11 67
21 8 223
16 22 100
21 19 316
7 32 493
12 10 421
1 31 248
4 13 488
19 31 462
29 2 21
9 18 270
31 26 275
30 11 285
18 29 366
21 31 370
4 12 256
13 25 499
24 3 9
16 23 334
5 15 52
15 18 484
22 14 14
9 13 417
3 12 408
20 15 167
25 26 447
2 30 204
3 21 476
6 22 416
15 31 368
14 10 128
27 30 208
22 12 125
3 23 82
31 27 450
21 18 73
4 10 260
18 22 480
25 11 144
14 16 8
4 1 28
32 3 349
18 30 448
23 15 447
2 4 46
10 27 15
3 14 283
31 4 479
26 7 89
21 10 391
4 9 397
13 5 354
27 17 32
29 10 143
17 3 418
21 25 48
29 6 443
1 13 171
29 20 355
13 2 54
2 8 225
13 10 232
7 14 284
5 17 109
3 29 137
10 31 430
24 21 395
6 25 286
4 30 209
23 8 150
10 24 498
32 30 340
30 29 73
14 4 417
18 7 11
4 29 331
8 10 132
12 27 217
5 9 418
10 32 202
14 17 185
17 28 454
24 28 375
5 14 98
19 28 62
28 31 147
18 19 85
11 7 394
26 4 257
12 24 416
2 11 97
30 24 284
1 27 347
23 14 405
29 7 148
12 7 307
27 5 393
21 23 366
7 9 113
32 11 239
16 10 270
18 16 8
6 5 318
20 30 273
32 26 44
7 15 416
4 6 500
7 5 251
9 20 1
16 4 162
26 16 461
29 23 337
9 21 291
32 31 443
1 21 477
24 17 468
15 10 58
8 32 374
9 27 8
20 32 224
18 17 442
24 15 275
26 11 207
2 6 497
23 18 4
29 16 108
20 2 202
14 30 112
2 1 322
28 11 12
21 12 359
27 2 464
29 11 278
15 32 350
13 6 73
24 32 114
7 30 334
2 31 348
23 13 324
32 1 137
22 25 357
2 10 250
30 1 30
3 7 383
15 6 35
32 27 67
25 12 238
22 2 152
8 14 181
29 32 456
6 31 468
31 3 301
31 13 251
25 27 80
21 27 202
4 28 210
23 26 309
28 7 283
18 3 395
20 12 325
31 30 296
6 8 19
21 13 33
16 32 310
15 13 17
19 20 16
11 22 325
31 8 41
19 5 315
25 29 68
13 20 27
23 10 10
24 22 412
6 23 334
31 18 156
19 7 287
29 28 364
28 30 462
14 11 489
13 24 125
17 31 283
8 16 127
1 15 85
32 2 175
11 18 149
19 11 405
6 32 133
10 25 338
21 5 481
25 5 96
6 18 213
27 28 490
9 30 185
18 32 377
20 28 287
3 19 222
25 4 188
26 2 240
10 19 495
18 4 265
3 1 230
23 7 279
19 30 184
19 12 415
29 15 245
2 12 58
12 14 125
9 16 111
19 6 271
18 5 455
4 21 156
13 16 235
29 9 155
26 19 375
25 14 136
6 27 368
5 16 242
31 9 459
29 21 427
6 1 400
28 25 362
13 14 292
20 27 479
27 29 102
26 10 70
11 20 80
3 5 70
1 25 420
5 1 24
7 4 273
9 6 60
22 23 408
7 16 136
21 32 17
6 7 374
25 31 247
21 6 69
7 27 485
16 20 351
28 13 32
1 12 427
23 30 126
17 10 384
1 18 101
19 4 418
25 3 445
3 30 498
1 7 117
27 11 65
31 11 53
27 19 205
12 26 167
17 15 287
15 9 475
15 25 119
13 29 496
24 19 167
16 28 191
13 3 445
12 29 478
23 5 82
3 6 485
5 30 169
8 13 75
14 26 230
30 10 367
5 10 148
18 25 48
28 3 331
5 29 141
28 5 325
22 9 197
21 16 264
18 14 488
29 31 296
17 2 186
21 11 433
22 10 493
23 25 245
32 12 199
22 31 100
7 22 148
27 22 378
11 4 39
3 16 473
28 32 479
19 2 199
1 17 401
9 14 76
15 11 473
17 19 10
1 28 77
24 23 141
16 30 228
9 1 164
16 11 329
5 32 138
8 28 265
21 26 156
4 23 66
32 9 66
24 27 82
10 20 382
9 8 126
13 12 153
27 26 85
13 7 188
4 20 346
26 13 46
30 17 381
21 15 78
7 25 396
22 21 285
8 5 56
23 9 57
31 12 177
8 7 331
27 23 286
9 17 96
6 28 199
8 20 216
22 32 483
24 16 301
13 27 447
15 2 362
32 23 264
28 9 444
21 7 118
2 14 158
20 3 416
16 12 186
14 32 305
17 23 218
4 24 64
18 8 300
1 22 384
25 17 304
31 14 81
6 26 175
24 5 32
30 25 53
29 8 429
23 11 63
11 13 229
27 3 488
2 24 150
22 29 470
14 27 145
8 11 121
10 9 16
7 31 382
1 16 12
25 9 256
21 20 99
3 11 299
19 23 73
30 15 100
15 12 248
28 18 411
30 26 413
1 14 318
6 10 23
12 17 482
17 4 28
12 28 228
1 19 439
14 20 99
6 14 30
18 13 16
32 25 165
1 11 252
28 10 92
2 21 252
13 19 174
11 5 374
26 22 425
7 17 353
16 19 438
8 22 470
23 31 458
7 10 352
4 22 208
7 2 417
6 16 175
24 1 457
32 13 459
12 11 6
22 5 153
11 6 476
18 12 388
14 21 4
1 20 207
19 8 445
14 28 197
21 30 176
4 27 475
23 20 92
3 4 148
23 12 273
5 12 38
26 18 319
21 28 310
26 3 166
20 26 391
1 23 134
17 32 462
5 2 430
12 8 18
18 27 444
15 16 347
8 4 329
14 19 50
5 26 479
15 27 451
30 12 302
24 7 304
8 17 145
29 19 440
24 29 176
12 6 483
32 19 183
18 20 390
31 20 261
19 9 489
9 2 428
8 15 228
29 1 175
10 3 471
21 17 376
17 22 425
