555 39 236
3 24 139
32 2 110
28 9 65
31 22 342
9 34 174
33 37 115
12 35 185
21 3 308
34 36 340
24 39 129
36 39 408
17 33 74
12 38 251
14 19 63
35 4 180
23 39 112
32 36 222
15 24 112
8 22 219
22 27 65
1 32 426
19 7 77
20 14 127
14 22 272
11 31 288
27 24 94
30 35 432
20 10 115
24 35 216
32 33 337
11 35 350
27 30 300
12 33 166
29 32 13
37 20 490
10 34 338
26 24 51
9 12 461
29 38 102
16 8 117
6 12 235
32 4 158
6 32 499
5 38 337
16 39 353
16 13 198
15 14 198
2 14 469
18 21 450
3 8 165
19 13 322
17 37 355
27 20 389
32 17 470
25 8 358
13 38 177
4 5 428
11 4 272
38 33 314
23 1 65
39 29 296
13 25 161
15 2 38
3 6 496
39 3 150
4 15 135
11 22 445
2 8 456
27 11 447
26 10 60
28 5 401
28 20 475
34 1 440
7 28 254
2 38 177
37 29 12
21 35 317
5 16 83
21 1 84
30 14 157
24 31 379
5 8 187
4 9 430
6 4 493
1 3 351
12 31 191
7 9 80
20 12 42
9 31 475
36 23 48
34 35 321
30 16 330
18 30 478
14 36 295
32 16 245
2 10 392
3 2 273
28 11 330
29 26 311
14 39 28
27 36 18
17 1 128
13 9 467
17 27 185
23 38 460
35 22 254
26 7 115
21 14 23
33 10 70
14 24 463
5 12 230
10 21 87
8 24 115
14 23 24
1 19 388
8 26 265
14 9 246
35 16 52
24 21 391
19 33 277
33 16 236
29 18 280
25 17 42
2 11 359
14 13 403
19 2 62
21 16 193
15 3 306
4 17 17
33 20 291
30 7 279
3 34 442
19 35 430
20 29 497
37 3 122
12 27 320
6 33 486
2 21 349
30 13 255
2 30 106
6 16 496
5 6 208
37 28 129
11 23 15
20 7 225
25 30 463
28 13 361
27 9 394
10 32 34
19 29 60
8 29 18
28 8 384
25 5 473
28 25 354
3 33 196
35 23 335
27 26 296
9 29 266
36 19 62
22 23 329
8 37 175
2 26 247
14 7 447
25 27 126
38 32 397
8 31 432
9 2 5
15 38 64
33 21 110
23 15 217
33 31 405
5 2 14
26 11 478
31 39 463
38 14 167
25 32 267
17 6 250
22 29 409
15 27 307
21 37 121
26 19 285
12 36 406
15 31 429
15 17 410
24 16 269
10 8 473
15 32 331
33 26 252
13 7 374
8 36 265
30 9 27
13 31 314
10 12 366
1 35 428
23 7 220
21 17 133
26 22 119
32 22 253
1 36 337
8 32 461
14 29 422
28 15 126
17 35 241
13 18 386
27 29 189
10 1 252
22 30 408
10 19 376
36 15 419
22 24 79
17 34 246
4 31 484
1 29 351
6 34 293
36 18 457
1 33 238
8 14 100
17 9 41
35 38 143
6 11 110
21 39 117
29 2 287
9 39 317
33 34 185
29 7 352
33 24 293
14 25 342
15 21 166
20 23 344
4 38 162
31 6 96
11 13 22
13 5 343
34 2 403
38 24 269
13 1 338
10 14 10
38 10 95
13 12 421
5 19 459
20 5 432
9 10 47
20 36 280
18 26 87
20 22 180
31 36 226
20 1 456
37 19 464
9 23 312
22 1 356
38 39 167
24 10 25
12 14 78
35 10 112
29 16 364
7 36 178
27 31 448
4 22 105
2 28 10
25 4 443
11 37 429
5 36 215
29 25 451
18 28 428
24 37 414
12 4 364
16 17 460
14 32 179
8 6 158
37 32 409
18 16 437
6 23 497
10 37 325
11 8 152
19 17 104
30 8 209
3 4 249
30 17 179
25 37 364
36 22 51
18 7 269
4 7 275
31 26 301
5 35 268
38 20 206
29 35 258
20 24 313
6 10 86
2 36 359
33 39 499
1 11 11
12 15 119
19 9 260
38 16 190
39 32 282
38 18 421
25 24 398
4 21 324
30 1 81
23 17 142
19 12 314
10 22 20
5 29 260
26 30 417
4 37 35
10 15 268
29 23 156
24 17 130
3 27 261
39 18 278
29 33 491
12 17 272
20 35 465
19 30 9
7 21 215
1 39 414
26 38 476
19 23 32
21 12 251
21 27 2
17 8 219
16 9 114
39 25 29
13 24 205
32 31 243
20 8 441
1 6 428
3 5 271
25 10 276
22 12 21
26 37 223
27 16 416
29 13 357
34 16 479
3 25 460
36 38 320
7 16 277
20 21 262
37 2 217
23 31 148
39 34 420
12 1 23
38 9 61
28 12 99
7 34 343
35 25 372
18 8 89
25 38 381
39 5 379
6 26 174
21 31 145
39 8 303
3 28 387
5 15 320
13 37 464
14 31 35
19 31 198
25 36 473
31 34 249
12 16 334
17 14 291
33 4 228
12 34 160
22 18 219
2 22 437
20 39 484
18 33 95
32 24 484
20 34 246
9 24 11
11 12 194
11 15 187
33 14 181
1 28 161
6 9 72
23 33 288
25 7 80
39 19 355
24 29 392
6 15 242
7 8 214
20 32 192
25 16 52
9 32 452
32 27 291
38 7 403
35 32 315
37 39 157
18 23 310
17 31 39
9 26 96
1 25 126
23 8 34
23 32 50
4 24 94
16 4 325
35 33 246
15 8 169
15 30 209
19 4 48
33 30 63
20 6 196
30 23 297
20 25 418
38 37 174
15 18 410
14 16 137
35 3 78
3 13 258
34 5 14
17 28 490
35 26 201
30 32 418
26 36 249
10 31 241
13 6 498
13 21 128
5 9 229
11 14 104
21 29 131
9 37 362
7 15 94
1 15 479
6 39 145
24 12 222
27 39 435
29 12 24
6 7 36
30 21 196
33 5 500
17 13 105
32 19 260
10 16 244
19 20 235
25 15 383
27 33 61
18 11 116
24 36 132
28 34 261
31 28 155
4 23 398
38 34 17
18 20 102
33 25 296
19 24 398
23 13 218
12 7 130
30 3 249
36 21 228
13 4 478
19 3 22
24 7 453
11 3 100
18 12 430
15 19 433
16 22 355
3 20 368
34 26 43
23 2 492
23 26 458
7 5 447
18 3 497
29 6 175
2 13 464
22 39 60
5 11 46
28 24 290
7 35 345
26 13 54
39 26 188
34 13 447
1 24 144
13 33 44
6 27 47
21 22 115
15 16 120
7 2 156
36 37 297
17 10 24
25 23 285
3 7 389
36 10 154
29 15 354
5 1 138
20 15 211
12 8 385
9 3 76
18 6 185
5 32 133
12 37 420
25 21 319
3 32 136
12 23 203
4 10 500
23 24 424
33 9 61
30 36 332
10 27 89
4 30 376
2 4 441
37 27 468
14 34 13
9 36 26
5 17 42
7 31 407
24 11 54
21 34 181
32 12 110
27 1 458
17 7 351
6 24 436
4 27 38
28 39 288
21 28 407
33 22 122
8 34 259
17 36 120
4 39 416
37 6 339
7 27 480
26 28 322
11 33 210
34 29 113
27 19 373
31 30 410
10 3 28
25 34 70
28 14 198
37 35 471
3 12 141
11 7 53
23 3 156
11 38 454
27 18 454
3 36 264
15 39 168
31 25 429
1 16 182
19 11 262
6 2 425
33 8 87
34 37 391
10 29 348
17 38 38
39 12 226
27 2 107
21 8 283
19 18 13
1 8 402
39 13 491
8 35 437
15 26 15
22 13 152
11 21 193
11 29 317
