585 40 32
35 25 4
32 25 3
7 10 117
6 29 415
12 32 52
2 28 112
11 39 361
11 10 296
14 23 391
21 4 454
20 34 308
39 34 46
18 14 225
35 22 398
25 23 50
14 33 372
40 28 105
40 1 258
37 10 482
22 28 217
35 33 139
34 5 227
39 12 428
13 40 264
20 38 402
21 19 14
39 37 348
7 23 180
19 26 21
17 21 178
35 27 429
5 35 347
38 13 287
2 21 260
32 4 332
20 12 232
29 22 179
4 18 198
36 32 450
35 26 482
6 39 2
11 1 493
1 6 268
22 8 52
9 10 354
4 30 110
38 7 214
18 7 223
6 34 26
30 27 142
18 27 447
35 7 274
10 17 106
14 34 11
8 18 214
18 20 391
20 14 192
34 2 168
35 37 103
20 23 406
20 22 322
36 15 2
9 16 175
3 6 107
30 11 471
38 36 397
8 9 130
10 20 173
32 29 216
40 35 424
13 11 6
37 9 327
17 7 368
1 39 472
33 40 467
7 4 493
4 31 79
18 38 378
15 33 9
20 13 483
36 10 412
36 35 34
22 23 421
24 21 103
2 33 129
3 22 486
30 9 364
26 33 64
27 21 274
16 7 295
4 37 95
24 32 362
14 21 135
8 31 200
31 23 252
13 5 282
39 30 207
10 35 186
30 12 457
27 22 198
11 29 268
8 19 73
21 9 103
2 15 36
21 23 116
38 23 143
7 2 140
1 15 489
27 6 73
6 9 225
3 33 370
22 40 96
21 5 432
38 34 370
8 38 343
13 22 387
24 26 78
37 19 291
16 30 169
34 13 219
28 29 83
11 15 163
1 32 34
19 17 191
33 13 439
14 3 11
7 3 400
9 13 101
31 3 497
9 36 120
7 40 296
18 2 63
14 10 334
2 27 113
24 18 394
35 8 434
11 27 253
38 5 93
39 10 452
40 14 64
5 26 456
26 20 297
7 11 167
13 36 428
18 19 283
38 30 366
13 28 463
25 7 4
13 21 366
4 29 314
4 28 268
37 6 419
7 14 137
24 11 432
40 20 183
11 2 205
17 40 32
27 33 189
18 1 269
29 40 492
28 6 18
7 36 71
15 29 103
24 35 35
1 23 347
24 1 208
35 14 467
30 22 353
33 19 398
29 17 113
4 5 388
31 37 432
13 16 464
13 4 291
21 39 487
40 11 41
8 29 57
20 29 201
29 33 386
39 15 416
6 18 103
4 11 424
12 13 115
30 21 212
26 25 452
32 2 99
30 28 120
28 24 82
2 12 332
40 5 60
17 38 207
15 12 182
35 34 57
33 5 248
35 4 209
20 15 215
24 13 26
14 13 206
13 3 204
8 12 307
31 13 304
12 18 328
26 1 134
22 36 226
10 40 198
39 26 222
14 1 305
31 32 311
20 16 282
11 35 397
1 4 253
24 8 48
15 8 243
39 25 126
36 12 170
34 29 369
9 15 440
28 31 253
21 36 148
5 1 99
7 19 198
21 16 251
3 20 379
33 12 398
13 19 398
25 36 39
19 28 129
22 16 310
16 29 363
31 15 280
24 36 40
1 25 271
30 24 214
30 19 332
23 36 12
14 12 326
18 29 325
13 37 319
33 11 215
28 3 38
9 39 270
17 20 333
1 20 118
32 3 58
40 23 199
2 31 74
15 22 407
13 8 199
38 12 499
4 39 343
19 4 50
7 21 279
30 15 232
24 23 339
25 18 256
20 25 416
37 23 308
37 8 395
20 36 229
9 35 286
15 17 78
9 29 1
30 29 121
25 8 483
29 14 423
16 32 65
14 28 388
36 28 299
36 3 402
34 19 326
3 25 213
16 34 16
12 19 416
20 33 357
22 1 353
32 8 2
39 2 399
22 12 302
20 35 259
17 36 290
15 27 359
20 19 98
31 36 1
10 28 132
17 14 291
38 22 430
16 31 261
40 24 300
20 5 21
7 13 303
1 38 79
16 2 162
19 11 185
5 18 331
5 8 63
17 2 71
26 34 467
40 21 408
7 20 18
34 31 48
29 19 257
10 16 283
35 2 176
34 3 244
1 13 236
10 13 77
28 17 146
38 26 87
12 6 182
2 3 361
28 12 177
8 28 411
6 22 415
16 17 203
18 32 442
21 15 285
36 6 102
30 33 340
22 17 393
34 27 286
5 2 141
30 35 374
26 27 6
6 19 91
36 39 242
15 13 320
31 9 5
37 7 407
29 21 240
31 1 285
1 9 272
14 4 196
34 4 2
11 23 256
37 1 341
23 33 109
21 35 161
9 40 462
18 15 38
15 3 251
9 18 278
20 39 171
2 30 332
5 3 41
12 34 123
5 29 69
23 32 176
15 24 286
38 16 493
11 31 76
12 23 216
28 34 249
17 8 152
39 7 109
17 23 219
30 1 14
26 8 148
40 25 465
11 12 270
30 20 394
38 25 385
12 17 242
25 17 301
30 8 90
35 23 430
24 10 373
31 18 328
15 19 203
14 2 95
29 26 415
5 7 431
36 1 238
3 40 308
16 19 246
18 39 357
40 2 39
14 19 98
35 16 427
6 15 282
22 4 119
32 40 256
12 5 197
11 25 196
10 12 179
21 8 16
12 1 402
30 13 268
29 36 428
9 23 146
40 18 353
24 31 185
31 14 298
37 15 316
38 9 76
9 5 43
39 35 283
8 34 34
29 2 483
6 30 7
10 30 217
19 25 351
2 26 263
32 13 489
28 1 332
34 15 298
16 4 151
15 35 260
9 27 78
16 27 187
3 37 260
3 9 216
7 27 417
28 21 103
1 27 240
29 3 372
27 29 480
37 33 138
33 10 458
14 15 313
22 19 472
40 36 223
38 2 460
22 7 483
18 23 261
12 25 452
15 25 365
31 26 64
32 28 292
37 2 177
33 38 412
34 25 293
34 17 183
24 33 67
17 6 194
27 5 342
31 30 353
40 26 443
20 8 266
25 29 255
25 28 209
37 38 317
3 39 403
26 32 325
38 27 114
37 14 328
21 31 472
20 31 61
2 8 484
13 35 79
7 8 191
6 20 213
4 9 213
19 23 199
32 35 365
28 11 80
15 23 47
38 11 383
39 31 118
6 5 407
1 17 171
28 15 188
14 25 29
21 3 176
36 8 74
9 33 89
32 22 124
16 40 135
31 40 305
30 32 6
22 14 11
35 29 368
31 35 103
6 35 177
14 9 448
36 30 93
31 10 430
30 14 103
8 33 241
40 6 252
4 2 4
34 32 444
1 34 399
14 5 345
25 10 363
3 30 330
39 14 51
1 7 129
17 30 96
17 3 151
13 23 358
28 9 433
5 19 23
30 25 29
29 37 421
1 8 23
29 12 437
16 39 374
27 28 448
26 28 182
28 38 25
28 20 473
10 2 422
33 17 303
23 30 130
9 25 327
23 8 279
17 5 478
10 21 149
18 37 148
26 18 393
27 12 406
37 12 119
3 11 285
35 19 372
19 38 164
34 22 270
11 16 205
14 32 273
4 23 313
38 29 62
26 14 326
26 13 266
34 18 480
39 33 220
3 24 214
12 4 88
3 4 74
33 18 87
17 27 119
36 37 328
12 26 275
6 38 430
7 12 96
11 5 338
5 16 380
22 18 31
2 25 173
39 29 216
9 11 322
3 18 227
20 32 466
34 37 395
24 7 253
14 11 247
37 22 37
9 26 72
21 26 239
15 26 313
40 19 203
8 27 456
3 16 256
7 28 166
27 10 409
11 20 248
32 33 98
22 2 196
18 30 137
24 37 222
31 25 189
29 1 24
28 18 168
37 28 229
9 7 27
8 4 78
27 31 181
16 25 253
24 25 40
36 27 264
34 40 308
13 25 439
4 26 154
19 27 415
16 18 484
24 12 206
18 13 250
26 16 42
7 34 169
32 9 45
36 34 286
25 33 165
10 23 463
13 6 386
30 34 288
6 31 73
19 31 253
