517 46 322
21 25 264
2 28 189
4 10 393
30 28 107
16 5 250
34 27 270
25 45 40
10 30 199
45 38 85
24 38 155
24 27 482
43 20 444
14 13 191
6 2 271
3 17 208
28 16 320
20 11 266
39 36 349
14 19 279
22 4 369
28 32 332
40 8 114
14 42 160
15 11 489
43 25 156
37 25 358
33 46 222
37 28 359
43 29 432
9 21 404
3 39 3
30 19 345
28 31 105
24 1 63
1 9 325
2 4 94
20 29 35
41 20 348
26 24 51
35 14 135
19 8 229
4 23 374
24 31 483
38 16 12
32 34 161
26 13 74
40 9 479
30 3 462
44 15 417
12 45 144
18 4 471
6 45 321
8 1 450
25 35 269
42 28 200
11 19 127
45 43 441
38 9 117
39 27 224
39 17 133
26 19 363
26 4 43
46 8 182
1 40 25
30 16 390
38 44 180
31 37 356
10 24 164
6 32 183
15 32 84
33 4 198
10 22 20
41 46 386
18 36 492
9 16 19
14 20 102
17 41 378
45 13 223
2 27 464
28 29 420
15 20 208
18 39 268
38 40 249
10 36 84
16 37 344
35 2 227
4 41 10
37 42 411
27 43 313
2 30 272
11 44 229
23 6 30
22 33 307
21 19 84
39 43 130
15 38 290
25 4 103
7 28 319
2 32 157
16 8 324
34 2 418
24 44 227
28 17 20
39 45 431
46 12 97
2 11 264
18 22 472
4 12 80
32 1 191
8 43 483
11 4 177
46 22 232
17 5 488
42 5 301
22 35 292
7 15 378
37 3 139
35 23 35
27 37 491
33 29 178
25 19 242
40 14 465
25 32 461
33 21 442
26 36 200
38 14 83
12 23 497
32 38 167
43 3 276
31 23 125
25 16 418
23 45 190
34 24 101
35 37 341
23 1 124
29 34 31
36 23 493
19 1 238
8 15 293
33 36 68
21 10 490
5 14 114
15 5 422
5 26 258
3 22 79
19 37 14
3 36 281
3 12 110
6 5 371
7 27 387
8 28 229
14 1 292
19 15 231
12 44 263
11 39 129
37 34 450
6 34 131
4 35 473
19 33 194
5 36 454
31 7 247
45 40 295
27 10 207
10 12 454
34 31 454
21 30 252
43 4 127
3 6 368
32 9 234
16 33 435
33 11 58
31 43 42
41 25 372
14 31 43
45 1 101
40 39 53
40 30 172
6 12 439
4 29 460
16 36 409
43 24 63
3 5 177
16 17 88
2 13 237
41 2 30
16 40 449
7 46 109
13 15 325
11 40 94
19 10 93
35 24 133
43 9 450
27 6 266
36 4 378
25 17 215
44 19 168
29 7 118
44 21 297
14 12 360
39 12 466
38 28 281
5 40 267
32 14 164
4 17 186
27 32 170
21 23 203
29 27 416
41 14 468
22 44 170
30 1 262
15 24 410
26 23 203
37 8 138
33 45 42
43 37 308
43 5 267
14 45 300
35 41 338
5 33 168
40 44 365
10 38 80
16 6 407
37 36 53
38 29 46
40 20 188
22 28 63
3 10 363
13 21 253
4 21 500
41 1 288
44 25 113
37 17 294
17 29 479
6 9 59
4 39 475
16 4 286
5 4 488
19 13 88
34 15 52
35 10 303
16 15 144
42 46 69
25 18 96
37 32 481
25 3 213
46 29 123
3 19 106
27 30 133
3 31 273
36 30 286
36 20 60
7 5 490
24 45 373
7 36 392
7 3 482
14 34 147
27 18 76
34 46 68
1 20 152
35 32 157
40 22 462
35 30 85
37 2 150
41 8 56
13 41 229
8 27 28
8 17 307
9 2 395
16 22 82
13 4 442
3 38 314
17 32 188
24 30 73
3 18 256
28 40 448
11 3 173
35 36 455
4 1 240
21 36 97
11 27 264
2 12 113
34 9 7
46 13 293
6 20 6
1 21 441
44 30 95
13 30 116
25 9 244
43 14 356
32 3 405
13 34 444
46 21 324
44 6 481
37 13 148
34 44 146
2 29 279
19 36 45
21 31 254
40 33 404
12 31 292
46 23 331
3 2 348
40 31 229
7 12 181
38 37 159
9 24 371
18 10 371
34 30 209
11 14 345
13 43 123
24 13 79
41 9 152
41 10 77
45 17 325
32 39 310
27 16 351
24 46 274
23 13 95
20 23 425
32 30 54
35 21 464
40 21 107
40 37 47
28 26 290
24 8 220
42 7 423
29 40 222
17 18 424
21 41 249
12 37 172
33 7 17
35 13 156
16 29 215
42 19 355
9 27 403
45 27 353
31 25 119
33 44 150
36 24 157
18 13 216
4 7 379
42 13 120
40 10 145
5 2 222
7 10 297
38 1 372
12 24 135
13 39 385
36 38 177
37 45 232
34 22 350
23 15 378
13 29 54
44 46 341
34 43 22
28 25 408
39 29 164
7 18 493
43 18 110
5 37 470
44 16 245
37 21 446
19 29 490
19 18 439
8 7 449
6 26 55
22 25 441
39 34 247
46 20 101
45 18 363
10 13 175
45 4 80
14 16 428
21 42 261
15 4 226
39 9 43
41 27 50
38 42 71
34 28 465
11 13 354
19 35 59
30 17 455
38 27 339
37 14 494
12 13 288
29 1 500
30 18 478
4 6 250
16 12 492
12 25 192
22 11 372
29 15 242
26 35 365
34 17 158
38 23 152
22 19 252
11 37 402
1 13 379
34 45 88
44 9 407
27 13 103
31 15 238
26 21 402
14 6 50
25 15 167
17 15 234
39 37 219
39 30 377
41 30 68
22 45 446
13 33 191
6 7 448
17 36 81
39 15 46
33 24 66
6 42 203
1 25 365
34 23 340
3 1 61
2 40 90
23 18 499
46 9 382
17 46 312
30 33 206
32 36 102
1 37 51
34 3 158
18 20 89
45 9 250
4 14 314
18 44 249
31 22 436
7 25 363
8 13 83
11 38 379
8 22 174
7 2 69
16 42 227
46 40 231
14 15 321
16 43 482
26 44 141
19 38 467
23 41 213
19 23 388
43 6 88
44 41 128
17 22 446
34 36 149
15 42 48
29 45 476
46 14 278
29 21 344
1 33 488
36 40 237
4 42 185
7 11 226
2 22 204
9 19 272
23 27 5
36 42 360
11 10 428
41 5 130
11 17 99
42 1 444
17 38 214
40 42 68
5 30 64
17 44 236
4 24 328
19 46 110
35 44 393
33 32 356
12 8 391
25 26 37
27 14 273
12 30 131
1 5 390
40 25 120
35 9 441
32 19 275
24 11 400
24 7 216
32 44 454
36 28 111
32 40 98
22 5 83
26 32 18
9 31 1
7 45 184
22 23 125
30 46 330
46 16 362
35 34 64
44 31 94
4 34 320
32 31 133
41 37 405
43 38 434
44 13 393
46 38 106
22 12 362
8 23 314
45 42 115
15 12 456
2 8 255
34 12 217
46 3 252
1 12 493
39 5 124
7 13 46
8 29 56
24 37 427
38 21 335
37 10 85
42 10 481
39 14 244
