540 47 16
22 5 245
27 33 257
7 42 296
2 19 207
43 8 153
36 35 156
3 46 139
39 22 40
15 34 417
9 41 260
23 8 336
14 46 254
25 42 406
12 38 76
23 19 471
41 28 309
15 10 144
9 14 142
27 38 456
4 44 22
44 14 298
17 9 121
8 47 75
37 16 241
28 8 144
25 1 130
42 3 122
38 20 468
9 46 83
32 9 276
16 39 326
6 12 403
32 38 443
13 45 101
2 34 385
45 1 70
11 16 406
38 21 276
47 40 365
7 29 99
3 41 240
4 16 116
25 15 233
21 7 53
7 37 440
4 21 377
9 5 355
45 20 301
9 30 77
20 8 146
32 15 159
6 23 102
40 36 208
29 47 70
17 32 207
5 15 147
3 1 300
10 44 318
43 32 1
44 39 352
16 28 25
33 41 114
18 47 500
17 41 167
35 24 308
10 31 484
14 41 23
2 12 330
30 14 96
24 19 54
10 2 391
45 36 184
38 33 10
31 46 58
39 29 329
36 25 392
44 26 483
37 14 448
30 47 426
24 44 65
29 18 45
7 10 195
46 29 152
15 24 452
27 22 40
42 21 490
39 31 469
47 12 104
36 7 115
28 30 90
28 3 452
39 12 498
27 45 8
18 15 136
9 8 97
10 38 305
18 20 132
18 2 386
30 6 156
30 45 260
34 23 251
4 17 483
44 27 323
20 31 178
21 5 198
46 44 209
26 21 125
8 29 92
28 37 199
37 39 151
5 27 399
29 14 381
46 18 69
27 37 407
44 16 36
46 5 497
6 43 247
17 16 341
31 11 218
47 45 44
43 33 97
21 44 490
47 37 463
25 28 88
15 37 315
24 27 311
7 40 246
27 34 62
32 36 81
47 27 425
44 32 168
19 36 298
18 6 382
22 33 276
40 11 5
3 37 447
5 23 47
4 33 280
8 46 117
4 42 405
32 30 213
15 42 187
30 42 453
3 35 433
10 40 489
4 26 166
4 5 457
2 39 345
32 21 139
38 4 455
32 39 272
32 45 345
25 14 330
21 33 203
30 8 181
25 18 51
35 41 369
22 30 455
45 26 230
11 37 233
4 34 204
25 8 42
12 33 438
15 14 286
20 40 315
30 16 384
42 45 113
1 17 148
10 37 460
20 43 245
19 30 157
41 4 347
3 18 154
25 37 340
26 8 173
13 23 146
20 12 438
43 11 354
1 39 390
25 23 112
41 32 458
22 3 34
11 23 369
18 44 399
10 24 271
23 3 324
7 34 350
19 45 187
31 34 172
38 30 487
39 36 285
9 42 366
43 7 275
6 9 98
20 10 469
43 24 202
6 17 138
30 7 418
35 12 241
24 23 479
20 3 59
47 14 340
12 18 435
22 29 455
45 2 39
9 10 281
34 36 96
24 7 144
11 22 86
23 42 175
1 29 86
10 14 56
37 5 133
22 10 452
3 30 387
47 11 47
30 5 299
12 27 176
6 27 474
5 25 78
21 29 372
26 15 238
43 35 202
21 39 284
14 11 346
2 7 360
26 10 252
37 6 443
22 9 438
19 32 487
4 27 445
37 8 183
28 22 236
2 17 33
3 15 203
41 38 481
26 16 243
27 25 447
23 15 338
34 37 213
45 41 229
27 10 3
42 33 475
46 39 483
26 18 108
25 38 279
8 4 274
33 40 196
40 24 276
12 46 450
19 26 73
9 40 415
3 24 349
10 29 14
17 25 3
8 42 132
33 19 107
45 23 241
14 28 474
44 13 61
44 15 206
7 33 81
14 36 135
39 30 188
44 37 465
21 22 489
33 24 451
33 26 97
36 10 395
18 35 214
11 6 251
1 30 435
42 43 200
4 23 298
13 15 314
41 10 295
25 29 133
27 32 302
16 19 362
27 42 271
5 42 10
43 2 51
19 18 222
6 15 295
39 28 237
17 12 469
16 14 444
22 32 50
34 46 296
2 38 398
30 29 273
32 6 199
44 36 98
25 3 282
30 24 267
26 1 221
13 14 343
45 34 33
31 1 457
12 45 377
45 15 342
38 26 141
11 27 182
5 45 309
36 31 223
33 29 243
36 37 69
30 34 232
16 22 364
37 23 25
4 18 496
26 17 363
10 23 221
29 43 329
11 41 471
20 29 98
3 27 245
23 17 265
4 39 278
5 24 179
43 13 319
35 23 81
32 7 68
21 25 69
34 40 176
42 44 43
40 3 95
11 46 69
35 5 142
40 35 52
47 2 47
17 8 394
27 21 228
6 24 197
38 34 139
7 3 404
27 19 433
26 13 174
8 35 267
16 7 192
20 22 153
2 36 484
18 24 117
32 42 467
2 35 166
26 31 152
37 19 36
12 15 97
38 24 222
42 16 187
35 9 90
31 47 489
47 4 179
11 19 113
24 1 298
44 38 214
26 23 15
20 46 99
30 23 138
23 28 168
2 13 207
24 14 156
46 15 141
8 31 122
12 32 491
47 28 419
1 35 417
15 11 420
12 30 240
23 46 242
18 8 180
18 14 463
39 11 53
13 39 7
9 43 171
29 5 214
46 10 413
2 27 48
40 2 128
31 5 41
46 37 326
22 43 185
38 23 498
11 2 431
29 45 264
17 35 125
19 13 96
8 15 374
30 2 217
47 21 185
5 28 300
25 4 185
41 30 411
39 8 61
7 41 377
2 3 406
35 39 10
46 7 21
21 36 308
19 25 251
42 20 322
16 12 189
38 28 486
39 15 175
20 24 255
41 23 386
31 37 276
19 20 188
16 27 160
31 35 438
29 38 49
18 22 292
17 38 191
28 46 17
20 5 198
47 38 385
17 43 371
38 16 317
8 21 491
21 45 468
44 35 306
35 21 366
1 14 453
29 15 9
38 18 43
35 34 376
14 27 421
26 2 88
35 29 77
9 36 223
11 25 235
34 19 412
35 4 299
4 12 70
30 35 118
5 6 328
41 46 290
33 37 400
1 2 474
20 25 176
27 43 349
44 30 92
26 3 305
14 42 70
19 12 302
3 14 107
32 8 473
10 6 281
42 34 174
41 5 18
29 12 326
23 9 170
16 20 308
6 45 89
35 46 411
15 35 309
41 42 188
38 5 222
21 11 444
8 27 304
14 5 254
27 13 440
28 12 77
15 28 345
20 27 429
29 13 45
6 25 48
2 41 34
6 16 183
7 27 288
46 45 159
7 5 390
42 35 266
32 13 478
9 31 265
24 42 161
45 18 286
33 15 438
32 35 476
20 15 435
9 39 41
40 28 59
13 31 403
9 2 232
35 28 58
10 28 485
47 36 54
31 27 410
25 41 411
4 36 114
34 14 6
36 6 354
13 38 500
10 43 47
39 47 299
13 11 194
37 9 238
23 40 490
4 15 214
43 37 132
18 16 254
2 44 296
28 6 188
40 38 388
27 36 293
12 36 471
21 19 5
45 35 136
38 36 357
26 11 4
18 34 178
42 36 163
16 3 172
19 42 30
43 18 182
44 3 273
6 19 264
26 46 367
14 12 153
41 37 52
30 40 266
46 17 442
23 18 200
28 29 88
15 2 184
17 31 271
20 41 221
46 36 344
28 45 226
35 33 114
5 18 220
11 36 351
23 31 161
44 43 291
16 5 203
18 41 181
47 1 303
24 36 429
15 47 77
16 21 490
