430 42 47
29 31 360
26 10 59
10 9 252
19 14 100
19 16 380
9 36 222
30 17 499
26 25 200
31 10 11
3 6 115
25 35 281
30 34 67
38 23 454
1 20 326
42 38 375
41 36 115
36 29 70
17 38 148
38 12 228
32 41 286
10 40 15
6 15 442
13 15 266
9 17 393
15 26 391
1 11 351
2 24 450
41 31 217
17 18 335
9 21 137
37 10 87
17 31 302
20 15 178
4 30 370
33 42 354
25 1 279
8 2 117
36 39 67
12 7 297
21 17 499
26 23 368
2 26 413
17 8 94
23 39 392
24 1 349
19 10 76
41 2 244
17 3 16
26 28 491
38 29 466
19 23 178
33 39 279
23 40 248
13 39 184
32 37 200
10 15 119
1 34 397
2 29 496
9 39 220
13 19 107
39 10 474
35 15 64
39 29 161
3 34 72
6 11 164
23 3 76
20 16 263
22 42 193
20 7 435
1 3 137
27 35 380
6 1 206
33 13 192
21 34 114
36 17 175
37 13 355
18 38 287
29 8 96
30 15 29
28 9 163
13 31 108
9 29 297
30 19 239
35 37 375
38 28 12
23 37 121
22 8 111
29 40 210
7 5 249
23 4 476
42 25 255
32 12 480
27 8 179
20 13 155
16 8 470
8 19 289
18 3 43
32 30 59
37 4 260
4 38 453
32 1 112
42 9 365
42 35 408
14 20 103
31 8 480
14 35 44
11 24 455
14 13 457
18 15 250
35 19 279
16 14 407
15 37 5
14 33 463
2 40 201
2 6 325
41 5 386
37 30 448
33 26 79
10 5 305
37 2 421
15 28 370
30 23 192
20 24 430
26 21 45
34 32 365
3 35 409
13 10 14
2 7 348
24 4 452
5 26 60
8 26 244
6 30 26
21 16 133
31 38 163
6 22 147
35 18 421
2 35 421
21 31 424
9 18 308
42 1 222
31 32 381
33 20 273
10 7 301
20 41 204
35 11 418
9 41 358
11 31 51
3 33 26
3 19 138
19 4 221
31 2 7
22 33 458
12 28 57
27 1 417
29 18 406
42 24 471
26 11 488
23 1 188
25 14 93
6 9 267
33 38 362
12 42 323
15 19 67
1 5 94
12 30 45
42 4 143
15 12 21
33 15 288
39 40 10
32 22 72
25 30 406
26 37 320
16 35 50
15 25 333
14 31 440
32 21 237
32 5 315
17 27 49
28 13 207
25 12 43
1 17 258
11 7 387
40 32 23
40 13 434
30 24 110
2 12 71
4 11 191
6 12 136
10 1 334
21 5 8
28 21 332
25 9 108
27 25 57
19 40 202
13 18 70
12 22 271
7 40 44
33 31 115
40 41 57
29 10 42
1 33 292
14 15 315
23 12 63
21 20 53
1 21 153
39 22 120
3 39 358
27 28 47
9 2 379
23 22 8
3 20 294
5 33 86
27 19 79
40 38 339
29 6 87
25 22 456
4 36 237
8 20 168
5 35 120
7 15 114
6 35 429
33 28 135
18 33 303
18 8 414
13 42 369
1 28 370
3 16 280
5 24 98
36 16 280
19 24 25
29 23 372
17 39 103
33 37 284
42 37 386
26 40 111
35 40 243
39 31 490
7 18 283
1 2 180
9 3 183
25 3 130
22 30 107
10 18 475
5 22 188
39 8 437
33 35 1
27 11 136
34 15 9
21 39 381
42 40 170
37 8 404
26 39 332
16 28 109
22 15 16
31 35 443
30 29 299
33 17 216
10 42 240
14 29 420
6 25 311
31 34 351
30 11 445
28 8 47
11 8 46
40 8 267
37 6 19
11 10 248
20 11 248
14 40 152
12 3 360
5 40 406
27 26 355
26 32 363
30 28 88
17 15 376
19 34 433
31 4 444
4 1 365
22 31 185
40 33 317
34 24 140
15 36 466
15 27 58
29 42 247
1 30 205
40 28 180
31 15 227
34 2 337
27 20 348
18 42 87
25 7 42
1 37 13
21 2 345
30 2 426
27 30 228
26 3 210
3 5 366
22 7 225
31 26 414
11 40 222
10 2 49
2 39 383
8 12 392
3 10 10
16 13 133
38 1 442
17 26 334
25 11 317
36 42 161
25 16 28
3 30 212
9 35 225
33 24 296
39 5 17
32 13 287
30 31 272
29 1 164
10 33 286
7 9 151
8 6 355
17 20 146
42 5 57
12 41 399
23 17 325
13 38 145
37 28 136
25 4 153
10 21 221
7 41 417
12 19 58
29 24 125
23 18 307
36 31 374
7 34 162
21 7 163
15 29 282
24 41 341
24 40 36
23 11 169
34 20 331
17 41 462
4 41 201
38 19 321
39 18 464
6 39 435
35 1 366
32 25 135
20 36 133
37 22 498
20 2 328
34 5 335
16 4 477
20 38 401
11 41 276
20 23 223
27 7 83
24 27 232
27 5 308
19 6 64
21 25 232
37 7 383
36 1 331
9 12 163
1 22 118
29 27 115
5 4 346
22 21 416
32 33 118
14 23 18
32 15 347
20 25 165
29 4 99
22 26 119
28 22 32
12 18 165
24 35 278
13 17 104
36 24 234
38 32 472
28 10 444
14 26 411
24 31 125
38 39 87
5 14 118
29 5 206
19 11 27
3 8 277
16 1 222
25 33 65
8 10 260
18 34 185
21 13 297
42 23 234
4 20 5
37 39 227
18 16 68
23 13 18
27 12 389
37 3 104
10 34 52
12 37 362
7 13 458
36 34 481
5 19 135
34 25 225
25 40 18
36 23 220
6 32 288
40 22 236
32 10 115
15 39 170
16 32 284
15 21 268
5 11 210
18 37 489
7 14 80
5 9 399
17 42 247
11 13 44
37 41 24
15 3 330
20 40 305
6 26 76
28 4 493
40 3 326
16 7 420
30 8 488
8 14 429
17 11 311
21 23 477
