499 37 460
14 35 324
1 30 111
24 23 232
23 6 18
15 6 100
31 5 134
37 22 268
31 23 243
23 33 78
35 15 326
1 33 27
22 23 164
14 17 158
18 32 379
32 34 460
21 36 369
3 34 68
32 28 152
23 10 495
14 23 328
36 9 185
32 1 310
34 18 280
18 20 292
18 11 349
15 30 97
35 19 51
33 11 444
7 37 458
34 29 62
10 31 474
7 20 280
16 22 478
7 5 218
22 7 265
26 14 33
15 21 162
24 20 411
18 28 134
22 4 380
9 20 275
14 30 446
35 37 229
16 9 333
23 21 456
11 23 188
13 14 337
22 10 84
17 15 498
24 15 143
19 3 181
15 20 273
29 24 142
18 22 482
33 7 421
35 20 309
20 27 374
33 29 500
31 11 63
17 21 105
30 37 43
6 3 273
2 10 356
31 25 341
30 32 354
21 22 299
26 10 483
7 10 170
13 6 389
19 28 449
21 29 136
31 1 213
1 9 256
8 21 322
37 33 111
30 25 129
1 13 319
7 25 265
18 8 139
23 32 394
18 24 209
14 16 42
18 6 338
5 12 409
9 7 388
31 22 421
27 28 178
28 29 9
25 13 182
24 5 27
27 18 449
5 11 306
3 4 62
1 8 141
11 1 252
8 10 222
15 33 237
35 7 303
35 2 284
26 3 162
29 12 311
15 3 46
5 14 390
4 14 332
16 11 79
5 19 73
33 5 460
26 18 2
2 21 104
18 33 74
4 32 37
20 30 32
27 4 152
22 33 4
35 34 385
24 35 86
25 35 213
37 23 353
23 12 344
27 26 478
15 8 475
10 24 37
6 31 426
11 15 237
4 16 462
21 5 101
20 16 78
14 19 305
12 13 9
26 7 312
23 18 210
31 14 301
19 33 219
13 29 368
20 25 454
27 15 182
29 8 367
37 1 292
21 25 428
25 1 14
32 20 462
27 6 281
36 25 195
2 11 109
36 28 312
5 3 409
27 36 357
32 37 191
17 16 65
14 37 273
23 3 336
11 27 92
3 24 408
37 27 155
29 26 120
37 10 158
8 4 287
4 25 144
3 35 125
26 8 263
5 18 197
33 10 347
33 3 337
17 37 319
26 6 148
7 3 144
13 16 346
35 27 187
35 12 57
9 23 158
12 36 203
23 16 220
28 22 344
23 35 208
29 32 167
33 21 304
19 32 249
1 20 212
12 21 265
30 16 307
1 6 15
35 26 112
7 31 479
27 16 255
12 33 282
3 28 246
5 13 85
12 16 28
1 3 155
28 10 266
19 18 39
17 33 488
19 13 76
26 2 220
4 19 40
8 14 179
25 8 385
10 15 158
5 15 272
13 34 111
34 19 288
28 17 445
22 13 115
6 20 224
36 34 443
4 21 284
1 26 30
10 4 222
32 11 220
17 3 317
35 30 496
8 30 143
35 21 482
34 7 117
24 37 266
5 28 149
36 35 7
4 37 464
20 19 234
19 17 13
32 15 350
4 9 427
36 10 101
23 4 429
25 15 62
20 10 201
31 36 180
30 24 302
7 11 435
26 12 421
16 33 162
9 13 422
6 32 10
10 3 35
24 1 132
30 27 121
24 22 161
18 16 235
20 12 128
20 5 138
6 34 23
5 16 370
17 12 191
33 14 23
13 32 128
7 15 355
16 10 195
36 6 29
14 34 391
32 14 121
9 33 11
35 33 232
7 32 248
21 1 158
8 34 321
36 8 320
10 30 442
9 30 341
18 7 453
31 37 74
37 3 219
28 25 41
16 15 206
33 26 371
13 26 100
24 2 3
7 28 17
24 21 447
12 14 240
19 7 217
28 33 407
4 12 389
5 23 94
20 34 101
1 15 309
27 8 209
6 14 16
33 4 336
34 1 194
10 34 339
26 17 165
26 4 216
15 22 184
18 14 413
36 32 341
9 35 8
11 9 190
24 25 321
32 9 164
20 33 489
23 30 434
8 7 38
17 25 359
36 7 359
11 25 1
35 32 279
36 33 211
3 36 402
10 27 302
10 5 191
21 3 27
7 1 200
24 31 23
2 31 33
19 24 110
9 34 106
11 37 237
17 29 16
36 20 12
26 25 213
25 29 476
31 21 332
29 37 211
21 20 394
21 7 364
8 13 71
7 14 150
13 27 333
24 12 249
28 31 126
2 15 318
13 7 279
5 26 401
37 8 384
18 12 110
29 30 286
12 7 151
22 2 325
22 11 379
23 25 114
17 23 3
21 13 147
20 26 309
14 27 423
17 18 169
35 13 81
18 2 361
13 17 79
34 2 314
6 11 75
16 21 317
11 3 490
34 15 305
31 33 35
12 10 158
35 17 493
36 1 282
9 29 353
6 8 323
30 4 45
3 31 463
31 17 240
34 30 446
30 28 363
7 16 179
31 9 228
15 36 128
31 34 238
18 4 301
27 2 81
25 6 114
34 17 334
24 36 124
27 3 61
25 27 409
34 24 175
19 15 413
35 29 152
21 27 453
22 26 286
17 6 291
33 13 181
22 8 460
37 5 220
36 22 55
31 8 84
37 12 374
30 33 425
13 3 40
6 35 168
26 36 261
3 18 156
7 30 459
2 4 169
37 34 30
3 9 229
37 19 162
6 4 376
12 31 216
1 16 237
16 24 23
9 24 349
3 14 230
35 31 130
11 34 405
18 15 116
4 31 419
14 20 41
13 10 464
15 13 64
24 26 338
23 27 57
28 20 12
34 26 493
2 16 247
37 13 103
34 21 65
32 27 456
9 37 306
35 1 482
23 34 314
1 29 473
29 16 211
30 3 162
20 22 443
27 7 68
2 25 465
29 22 209
12 22 286
21 19 441
12 30 419
22 6 395
24 7 498
21 6 327
1 27 179
32 26 83
18 37 276
23 36 459
28 21 363
29 18 128
16 37 478
27 12 165
5 9 321
23 15 310
23 28 243
5 34 25
17 4 78
11 19 186
23 8 243
1 18 454
6 12 440
10 25 343
33 32 158
33 25 368
24 6 462
25 22 266
1 19 139
33 2 208
16 26 450
37 28 52
15 29 336
19 22 115
25 37 255
2 36 425
22 32 283
31 32 348
11 29 58
9 2 489
29 7 457
35 28 72
37 6 114
26 31 485
24 27 78
5 30 140
4 29 312
31 20 13
36 4 208
29 36 326
19 16 457
28 16 349
24 4 461
22 14 37
27 34 180
7 6 270
30 17 448
14 10 301
24 33 385
37 20 167
9 21 467
11 10 317
30 11 113
25 3 108
1 5 214
22 27 183
32 2 433
12 1 128
11 36 490
5 35 203
11 13 40
27 33 184
16 31 182
17 1 495
19 25 477
28 24 288
11 17 48
10 6 98
10 29 148
18 25 91
12 19 279
