276 24 285
10 9 296
16 22 441
2 3 29
4 7 263
20 9 301
7 15 231
8 4 389
8 12 102
12 1 3
9 16 410
22 11 325
2 9 461
11 3 127
1 19 81
3 19 262
24 1 211
19 15 472
1 4 328
24 2 275
10 21 288
23 18 377
3 18 496
22 21 76
4 15 108
17 18 228
7 1 54
17 2 232
3 5 436
17 14 416
8 16 437
6 17 55
11 14 319
18 11 236
21 23 41
19 9 141
4 3 360
23 10 271
1 17 178
15 13 482
21 12 127
20 5 333
1 21 220
8 18 130
19 6 20
2 23 101
17 15 262
16 14 94
12 7 68
18 21 268
24 13 359
6 4 462
5 11 483
22 13 450
7 9 461
22 6 128
12 9 182
17 19 467
16 17 159
1 10 37
22 4 131
10 14 439
19 10 284
3 17 102
8 19 139
3 15 373
13 20 158
8 23 417
2 6 21
18 7 282
14 9 291
3 21 53
8 3 153
6 9 351
6 24 250
19 16 206
19 7 451
5 14 89
17 4 396
2 22 386
21 20 256
23 14 302
21 14 493
24 9 149
21 8 315
22 8 427
15 12 334
5 2 355
6 20 187
7 17 248
6 7 494
20 10 67
18 9 404
2 21 51
21 11 334
8 10 120
23 7 120
16 15 120
2 20 64
1 20 372
19 13 143
19 20 166
20 15 79
8 11 137
12 19 215
1 6 497
15 2 331
13 7 54
11 10 233
23 11 481
17 23 269
13 16 210
8 20 315
3 14 385
4 24 64
16 6 440
2 11 211
4 5 73
14 8 79
5 12 328
19 24 343
1 9 306
5 8 160
5 6 392
8 2 475
14 24 29
17 12 137
3 12 366
20 17 367
6 23 139
10 13 346
6 13 497
6 10 262
8 9 474
18 2 199
22 18 7
22 20 41
6 8 324
6 11 36
23 24 435
22 17 431
9 23 337
1 15 81
15 6 174
20 11 26
21 13 292
16 18 224
21 7 272
1 23 104
5 22 229
15 11 54
22 24 107
5 9 313
12 10 238
3 13 100
4 14 106
6 18 246
17 24 114
24 15 16
10 2 107
22 9 102
4 21 376
10 3 97
9 15 175
11 24 146
6 3 309
23 16 358
16 12 60
7 10 471
21 24 348
1 18 132
23 20 49
24 5 362
12 20 120
20 24 161
2 14 61
10 4 306
11 17 108
24 10 500
5 17 209
7 14 216
7 3 192
2 4 486
22 19 114
22 12 396
13 2 272
23 15 402
11 19 87
23 22 168
19 18 32
18 15 210
24 7 373
15 22 221
9 17 62
5 1 162
16 7 374
7 5 193
5 16 198
18 14 419
12 6 247
15 10 85
3 1 300
20 7 405
12 18 242
24 8 308
19 14 295
9 4 421
9 13 9
3 23 301
3 24 194
8 17 498
16 24 384
19 2 65
1 14 384
2 7 119
4 19 355
11 13 194
2 16 255
15 21 146
19 5 289
22 10 212
23 12 338
21 5 350
1 8 116
16 10 67
12 2 379
23 4 133
23 13 381
4 18 125
8 15 270
20 14 46
5 15 402
16 4 437
12 13 381
11 9 36
2 1 487
8 13 156
3 9 485
20 4 228
19 23 81
11 16 498
7 11 275
17 10 353
20 18 205
9 21 132
6 14 233
20 3 86
22 7 109
5 18 91
3 16 185
13 18 346
8 7 90
5 13 473
13 17 103
14 15 371
21 16 355
5 10 348
4 13 280
21 6 192
16 20 12
18 10 141
21 19 343
4 12 76
14 12 348
12 24 195
22 3 134
14 13 479
13 1 371
17 21 261
1 22 49
12 11 274
24 18 211
5 23 264
1 16 25
11 4 487
22 14 200
1 11 121
