225 25 439
19 10 345
25 15 252
5 10 9
13 2 433
23 17 40
5 20 199
3 16 410
9 4 466
22 10 190
17 15 141
14 8 394
23 9 461
21 25 415
25 4 155
8 1 145
17 13 158
24 7 352
3 2 111
10 8 379
10 3 260
22 15 240
11 25 309
4 24 164
7 14 235
18 22 432
3 5 94
24 18 436
11 5 273
19 9 251
10 12 432
19 13 342
2 4 302
25 1 224
11 19 222
3 14 347
8 7 192
17 11 394
13 23 199
19 1 292
17 4 387
22 16 423
8 13 447
22 24 224
20 21 320
24 12 122
16 7 487
1 12 127
19 5 179
5 25 245
2 21 202
6 10 239
24 23 258
14 23 200
17 6 42
21 23 420
15 14 324
25 3 456
21 13 148
8 18 398
4 1 472
11 6 256
5 13 18
3 20 410
13 12 102
11 18 119
14 19 279
19 23 91
20 19 470
20 25 485
13 1 2
15 16 41
21 17 324
1 14 76
23 10 294
21 24 144
12 4 241
25 2 257
8 22 398
8 9 139
23 15 447
17 24 59
12 19 130
8 20 383
12 7 163
23 25 62
8 2 370
25 7 350
13 11 16
15 4 41
2 1 91
18 10 383
14 6 240
22 12 103
20 6 405
1 18 404
2 10 86
18 13 378
22 2 33
10 21 352
16 25 438
6 5 114
12 11 388
6 18 500
15 7 375
5 12 254
1 23 455
22 19 202
21 7 136
1 9 203
6 25 16
2 5 194
17 25 97
3 21 451
15 18 360
14 10 106
23 7 52
1 10 432
19 15 414
14 12 131
3 6 284
5 18 83
5 22 84
17 10 449
7 20 474
16 8 446
5 24 339
15 24 122
1 20 199
18 12 233
5 4 205
3 15 496
20 2 170
25 8 342
17 2 168
4 6 412
13 9 175
20 24 372
24 10 399
22 25 21
8 21 59
7 11 279
25 10 419
4 22 29
2 23 282
22 9 374
20 4 307
4 8 53
19 25 290
20 22 264
6 8 327
22 17 140
14 5 468
17 5 457
6 2 241
9 7 265
12 23 476
12 21 93
4 18 207
7 19 164
24 14 478
16 17 132
9 6 278
4 16 276
1 11 471
19 24 175
13 22 171
7 3 71
4 14 188
1 22 454
11 9 163
16 5 233
3 17 3
18 2 247
8 5 331
2 15 42
3 13 10
3 22 278
6 22 40
14 17 32
3 24 376
16 20 155
3 23 441
4 3 500
23 20 76
20 11 84
4 7 119
23 6 150
16 2 142
7 1 254
18 7 180
7 2 19
12 6 211
6 19 56
15 13 241
7 10 475
17 9 409
11 21 371
21 9 457
18 9 313
6 7 427
9 10 172
21 4 103
13 20 78
14 2 449
15 9 291
14 13 9
24 1 209
8 15 334
11 8 414
7 22 94
11 2 376
16 24 26
25 24 81
25 14 319
16 19 62
18 23 74
11 4 7
15 10 394
24 9 93
18 14 335
6 15 426
17 7 356
16 9 82
21 1 351
12 3 50
