203 29 259
1 29 483
24 3 131
22 2 23
2 1 169
16 3 8
25 21 220
23 29 56
24 13 277
10 29 472
3 10 488
4 16 82
5 10 277
1 27 203
24 15 277
8 29 500
3 22 64
13 2 433
2 4 76
10 9 155
20 12 236
19 12 16
8 19 79
20 6 229
26 25 216
17 2 393
24 10 180
29 14 156
7 3 401
20 9 129
21 19 396
16 14 344
10 1 481
1 17 23
8 16 449
8 20 24
15 21 130
9 29 343
25 20 293
10 20 367
24 18 280
24 6 434
20 26 276
28 18 327
9 11 271
3 15 370
13 9 23
17 6 133
19 27 305
13 16 150
27 26 397
1 4 432
8 22 278
21 26 197
12 29 467
3 18 74
27 6 414
9 7 347
24 16 43
25 19 407
5 26 8
7 20 390
5 17 458
17 24 103
18 19 468
3 23 202
24 5 33
25 8 284
22 26 154
15 17 367
7 23 278
15 14 288
7 13 167
1 12 19
20 15 170
23 15 183
11 8 358
16 21 391
25 18 137
20 17 35
26 1 334
12 2 327
14 20 394
25 12 68
18 2 454
9 28 491
19 20 130
21 8 495
25 22 370
2 29 116
9 12 59
3 25 128
9 15 70
24 9 138
16 29 16
5 29 394
21 18 277
26 9 404
14 21 451
26 8 337
26 13 354
14 9 294
18 15 319
6 11 463
2 20 82
6 19 228
28 23 309
23 13 204
26 15 299
12 26 137
4 3 319
8 6 189
21 10 338
29 25 24
15 1 396
26 3 500
13 28 176
18 16 244
22 21 34
4 13 485
25 5 320
23 14 195
3 28 436
18 1 285
17 27 74
24 7 58
9 23 435
9 5 184
16 23 353
4 6 17
18 13 442
16 19 293
1 22 113
6 14 346
12 16 30
4 23 110
4 9 350
15 19 482
7 4 309
12 27 388
15 10 217
23 18 84
7 12 265
2 5 347
14 10 219
28 14 253
19 17 74
7 5 454
11 5 403
25 2 52
29 27 115
3 9 111
14 2 322
5 4 115
21 1 126
14 25 108
27 2 23
18 29 476
17 22 209
19 14 396
5 16 223
6 29 328
27 10 203
17 4 150
16 27 175
25 15 313
1 7 499
16 25 350
3 29 185
7 8 43
9 17 300
21 7 420
28 4 421
9 25 47
5 18 171
12 22 233
6 5 221
15 16 164
12 18 171
25 4 280
21 12 352
14 11 67
7 11 228
15 29 387
1 6 455
25 6 248
11 20 105
3 1 83
25 28 249
26 16 370
27 23 2
19 22 172
10 19 459
3 13 39
15 28 162
15 8 127
8 23 400
17 23 101
7 19 395
24 4 482
9 22 46
14 1 151
4 29 430
5 27 247
