451 43 28
11 12 118
7 29 435
7 37 162
42 21 200
18 26 305
16 6 207
26 36 371
12 34 346
40 15 305
22 43 494
9 14 367
25 29 230
25 28 405
31 11 359
11 28 467
34 33 354
23 5 111
31 39 161
25 21 428
28 15 298
10 13 40
27 9 193
40 24 126
38 17 217
25 30 470
32 6 108
25 38 350
28 14 180
28 2 465
11 22 495
39 29 473
29 11 93
2 19 157
21 10 392
29 13 399
3 10 158
26 30 184
17 24 72
26 41 326
22 7 334
6 30 324
8 1 265
20 14 168
38 42 35
31 41 380
15 17 155
41 30 134
27 6 142
13 21 453
28 34 206
2 24 213
19 34 374
16 8 4
37 18 335
23 39 282
39 36 411
19 16 346
31 2 102
17 16 224
4 35 3
9 33 126
15 23 233
22 30 278
3 34 338
39 22 242
35 28 164
42 36 261
16 5 230
19 23 106
35 37 210
14 7 219
25 23 43
11 8 383
16 11 434
5 26 155
35 34 473
28 19 31
27 31 96
14 11 500
16 22 461
26 2 31
29 30 484
34 32 50
27 1 132
39 38 329
18 39 139
23 31 420
17 2 33
26 9 189
23 3 346
15 36 181
31 10 273
4 39 186
23 6 200
2 38 490
8 7 327
11 39 301
20 12 97
2 4 69
10 37 444
31 28 416
27 8 240
32 5 349
24 8 453
14 23 425
38 3 445
27 20 156
32 19 298
40 35 71
27 17 32
15 3 413
25 24 195
10 18 149
35 18 142
41 7 5
37 19 55
30 37 198
3 20 432
1 33 16
35 32 186
19 20 382
31 21 231
37 33 294
15 35 442
8 21 178
14 13 62
28 7 311
21 15 259
4 30 446
17 4 273
39 14 216
2 35 148
13 2 336
41 40 215
14 19 96
32 1 248
1 22 379
43 20 163
21 29 478
21 7 124
36 34 243
41 1 178
16 4 2
32 29 477
8 39 283
29 33 189
2 20 346
20 41 405
15 42 495
34 10 6
38 29 93
3 18 88
40 31 378
23 18 457
18 29 188
8 43 155
23 12 197
17 19 461
11 7 357
8 28 346
12 21 259
12 28 219
40 30 129
16 43 443
1 38 492
24 21 146
27 41 395
27 24 432
12 16 318
37 13 260
37 32 94
36 18 121
37 12 350
4 6 122
39 13 186
42 11 196
2 25 475
36 19 120
18 8 144
28 24 430
17 1 136
4 36 204
28 42 487
9 4 386
22 15 320
19 43 450
25 19 429
29 36 276
25 26 118
37 38 16
30 24 261
24 38 63
3 8 275
8 36 160
11 24 161
29 9 435
28 39 233
17 29 266
42 23 61
10 28 479
35 22 247
19 18 200
3 42 190
37 28 14
3 35 299
42 5 289
2 27 58
14 43 124
7 34 154
39 41 4
42 40 7
30 1 353
12 4 29
7 15 440
37 29 382
34 42 127
6 2 220
38 40 194
42 12 296
21 35 470
30 32 463
22 33 185
42 4 361
11 9 403
28 41 422
29 19 60
42 22 339
41 38 215
38 22 322
27 14 358
26 12 142
39 7 93
13 15 113
32 13 360
37 20 287
24 35 217
32 20 282
37 39 211
4 32 422
40 4 279
13 17 54
26 28 299
33 7 34
23 40 42
9 24 280
19 3 125
36 20 301
5 33 300
4 14 10
33 6 140
19 1 181
34 40 483
25 16 21
30 33 10
40 39 185
18 27 133
27 13 460
31 37 454
32 21 225
43 39 47
31 35 104
2 14 37
1 39 382
26 13 419
42 6 29
13 16 304
14 31 162
11 26 257
8 33 266
34 26 313
41 42 209
42 19 228
32 31 390
11 15 343
32 26 252
10 24 183
42 30 112
1 10 273
12 32 110
20 28 91
21 17 87
12 7 394
34 31 34
6 17 146
32 15 334
17 14 338
18 15 496
42 14 68
38 43 295
2 16 386
25 11 339
30 12 355
24 23 344
33 42 456
38 7 32
15 1 119
37 1 167
38 13 310
41 33 77
23 38 134
32 27 296
13 3 335
9 30 477
15 34 79
14 38 137
26 24 111
20 16 160
7 9 274
21 6 426
43 40 223
23 2 298
34 38 422
37 15 8
13 28 7
4 41 309
32 22 147
35 1 128
9 19 246
29 24 341
38 12 64
18 25 344
9 5 423
5 34 140
5 43 315
25 17 63
23 16 325
39 15 250
43 30 216
34 43 384
30 2 379
4 43 217
13 7 158
24 41 429
4 8 206
17 30 196
9 25 498
41 9 200
28 27 189
6 5 149
2 36 176
20 25 356
22 18 26
23 35 463
14 26 11
33 32 382
9 10 183
2 32 128
6 34 113
3 26 170
14 16 269
33 26 164
21 4 135
34 16 260
17 31 462
8 31 233
11 23 303
35 13 292
43 9 7
23 43 161
3 16 225
27 16 186
41 8 475
20 6 220
40 6 306
9 35 248
35 11 112
28 22 100
31 15 340
8 22 450
33 40 194
6 19 53
33 4 391
22 40 386
32 14 491
20 35 344
35 38 464
39 3 217
30 27 451
20 9 262
28 21 441
30 13 481
9 3 272
31 13 61
29 35 325
3 6 318
22 23 67
10 19 55
24 15 234
27 38 464
42 31 457
12 25 234
31 7 190
36 7 288
29 26 237
36 5 20
18 42 55
21 38 435
25 5 443
2 1 346
23 30 416
19 31 438
36 11 218
31 38 169
5 37 381
23 1 230
26 1 241
13 6 482
21 33 294
20 18 257
17 9 238
37 25 375
41 37 110
18 6 54
10 6 370
20 11 125
12 33 90
36 1 418
18 11 211
31 24 12
9 23 441
19 40 87
2 21 168
13 25 165
6 28 190
39 6 389
5 21 111
37 4 208
35 14 161
9 8 17
14 36 390
8 6 81
7 43 30
12 15 179
26 42 223
22 31 483
18 4 334
9 16 303
5 7 130
16 41 37
17 20 379
9 22 452
27 10 492
5 10 87
20 1 271
24 13 315
25 27 149
34 41 294
28 3 109
35 42 273
12 19 194
16 35 426
