140 34 43
16 6 374
3 17 205
27 1 138
18 10 10
25 12 124
21 9 359
7 26 8
23 15 151
21 11 225
23 30 141
25 17 316
6 4 100
21 26 423
1 26 122
29 22 164
31 25 4
14 9 93
12 2 305
14 10 70
27 7 279
12 16 120
19 6 475
18 27 199
5 11 15
5 25 394
13 31 198
25 26 55
31 18 352
27 28 359
26 14 100
30 16 324
21 31 384
9 15 266
21 1 399
11 32 309
15 10 21
23 25 168
2 3 289
21 25 65
9 32 498
16 32 428
1 14 42
22 21 160
29 20 388
18 4 306
22 15 153
22 31 274
31 26 317
24 4 177
10 31 191
23 21 308
33 19 45
17 5 342
20 7 338
20 13 75
14 25 6
26 13 269
34 3 45
33 3 125
34 28 271
16 23 332
3 8 199
14 30 100
31 34 321
19 34 16
33 1 157
15 32 201
33 18 329
7 16 489
23 1 477
17 8 230
29 15 88
4 9 225
26 5 197
30 19 294
24 21 246
25 1 226
26 18 88
7 15 347
20 8 356
11 4 365
8 22 472
1 24 51
1 5 71
25 24 333
26 34 70
16 20 323
23 17 498
3 12 59
2 17 293
27 19 488
10 20 218
31 32 296
23 12 270
14 28 106
25 15 369
26 15 289
24 16 207
1 31 194
31 27 324
15 3 150
32 19 185
32 8 209
11 31 58
16 28 40
28 21 303
5 3 294
32 14 89
7 3 335
19 13 421
14 18 152
34 29 341
20 24 137
23 32 250
28 11 363
23 26 289
21 13 164
7 25 375
15 12 60
5 27 185
30 29 228
11 14 462
20 11 100
14 24 359
18 1 195
22 16 242
29 7 468
13 9 246
23 18 362
28 31 443
17 21 242
27 24 436
3 29 87
4 7 478
14 22 408
1 34 76
34 8 16
5 13 37
21 16 262
18 19 341
