94 28 446
26 21 395
18 8 121
3 16 389
19 27 106
12 26 73
18 24 245
4 24 275
3 26 237
18 12 69
22 28 320
12 17 83
26 5 251
28 8 232
15 11 81
14 10 400
11 7 335
16 6 481
21 14 237
11 19 89
19 20 89
24 6 479
10 28 450
25 27 199
5 3 200
17 26 242
18 22 406
11 22 148
8 14 250
22 20 190
7 1 68
10 3 208
28 11 416
21 28 150
4 13 23
23 26 132
2 6 241
19 6 329
4 1 294
6 14 37
13 27 419
28 2 259
6 18 348
14 24 351
20 7 388
10 17 185
25 26 28
5 2 27
16 23 316
24 27 247
9 6 333
28 26 355
5 1 318
12 25 396
22 8 83
17 8 422
2 8 236
4 26 66
3 19 414
24 22 287
21 7 470
2 11 247
24 10 226
22 17 123
7 9 55
2 12 125
2 24 28
15 2 295
24 13 164
14 20 75
18 21 495
14 1 39
5 14 456
1 28 118
19 7 422
12 11 167
6 7 276
15 12 370
2 4 476
12 24 104
19 22 132
4 19 444
1 18 327
26 13 302
6 10 58
7 22 118
21 4 467
16 24 252
26 20 10
11 16 176
1 10 423
14 18 224
14 19 284
25 16 320
19 16 447
