465 31 22
3 27 280
8 28 141
3 14 437
8 11 332
9 11 236
5 13 110
22 15 423
23 17 118
19 12 45
21 12 365
22 29 421
12 31 331
15 3 366
21 5 132
13 23 480
8 22 199
16 17 84
12 16 111
30 11 382
27 28 316
12 18 387
6 14 373
27 20 171
15 27 50
11 20 483
24 20 90
12 22 310
7 30 181
8 16 323
15 9 397
6 3 467
31 14 321
16 13 429
14 27 27
2 3 334
27 16 200
8 5 86
10 14 95
13 17 274
6 11 191
13 24 256
1 13 22
9 10 326
13 19 66
16 29 429
15 26 491
10 16 429
29 7 199
19 5 337
21 19 447
8 13 263
4 30 463
4 24 305
21 7 80
25 15 308
5 3 246
28 6 102
11 12 417
6 1 60
1 23 330
29 2 25
19 29 162
5 17 166
11 2 290
17 27 373
11 29 72
5 6 433
21 11 240
11 3 403
26 3 48
1 10 5
25 21 372
28 21 309
19 26 126
27 1 442
27 11 13
9 19 103
17 7 313
1 29 46
18 3 342
17 1 388
3 20 94
25 8 281
31 10 421
7 15 304
9 23 332
27 24 462
10 21 140
2 25 143
12 8 219
13 18 25
17 26 405
2 31 12
16 6 421
12 24 134
2 15 226
4 7 357
26 7 68
16 31 244
11 28 331
23 19 71
19 17 468
14 24 157
7 13 385
12 13 52
29 17 266
8 21 331
25 22 26
20 16 225
27 12 107
16 26 337
14 21 394
20 28 351
21 18 279
13 27 256
8 27 403
4 21 187
24 11 321
21 22 154
26 27 489
14 20 200
30 17 359
8 19 147
30 8 437
10 19 456
14 11 112
9 4 21
14 5 426
24 25 342
20 9 43
28 31 346
26 23 293
26 9 123
2 16 311
4 18 301
8 7 437
7 24 63
16 21 211
4 29 113
25 3 189
12 6 215
28 5 357
25 17 119
30 21 99
27 23 369
2 17 269
29 31 269
1 26 211
10 18 483
12 1 317
14 28 92
9 12 11
3 8 442
22 26 196
26 24 151
18 8 465
28 16 318
21 29 384
4 3 107
29 27 315
20 25 73
4 31 306
22 6 398
28 7 325
16 18 85
17 12 148
28 29 187
24 23 496
29 14 228
24 5 354
3 13 83
6 31 342
16 1 425
30 16 17
4 26 301
27 21 249
19 6 55
20 12 32
27 10 40
30 12 280
4 19 393
26 14 456
11 15 356
31 1 492
13 26 181
10 13 100
6 23 479
18 14 380
12 7 245
7 11 341
2 4 55
8 24 382
12 15 382
14 1 275
2 19 296
4 23 439
13 20 8
9 31 499
20 18 348
7 10 99
22 27 436
21 13 155
31 20 217
29 18 176
19 24 142
15 28 441
14 13 35
17 18 84
14 25 438
23 31 396
21 17 411
31 24 55
5 7 361
20 8 289
29 30 316
18 31 145
17 28 248
9 14 281
23 2 161
29 6 179
22 3 71
27 18 494
12 29 443
7 6 95
7 2 128
16 25 300
15 5 283
15 13 367
11 26 285
4 11 43
28 19 46
20 26 99
23 25 377
14 16 91
22 18 91
25 29 47
20 19 428
24 16 10
3 21 294
3 23 440
9 18 401
9 1 319
30 27 129
28 26 171
5 1 46
10 20 379
22 17 17
9 29 354
24 6 453
14 8 62
2 5 68
2 20 213
11 19 459
28 25 303
11 23 325
8 6 78
24 10 288
28 24 314
30 6 458
4 20 42
11 18 325
9 21 388
5 9 167
20 15 366
10 5 119
18 25 195
10 17 492
7 9 411
23 12 38
25 7 256
19 18 73
2 30 55
24 29 181
12 5 132
4 8 300
23 10 230
15 23 409
25 6 391
22 28 315
2 22 411
5 30 457
10 11 100
3 28 380
5 25 18
24 1 148
6 15 324
18 26 34
11 17 165
20 6 283
31 15 218
12 4 399
26 29 361
2 8 246
7 22 265
14 22 324
23 22 444
12 28 57
1 25 427
30 26 102
2 18 71
4 22 359
23 8 397
17 14 334
25 4 451
10 28 78
10 29 464
27 4 59
18 7 197
23 5 59
30 25 66
11 25 434
13 29 370
1 28 482
9 25 426
30 13 447
20 29 149
5 16 439
18 5 353
31 30 451
7 31 46
23 28 268
30 20 206
15 10 58
3 30 352
10 2 402
30 14 46
25 19 15
13 2 405
26 5 497
2 1 195
10 30 267
14 19 293
31 26 208
25 31 380
3 10 168
19 1 305
17 24 412
15 18 455
9 27 430
1 15 262
4 5 160
25 26 476
22 20 218
25 13 198
26 21 184
15 30 444
20 7 134
22 19 412
1 7 231
8 26 216
5 27 37
21 24 138
17 15 53
17 6 251
11 5 7
19 3 311
1 18 245
10 25 230
24 30 124
1 21 393
23 21 189
18 30 114
9 30 368
6 18 481
30 22 60
1 4 407
16 22 328
1 11 111
11 31 466
16 11 372
15 4 350
2 21 69
16 7 138
16 19 37
29 3 313
3 1 286
3 9 15
27 6 465
11 13 145
14 4 396
8 9 82
22 11 500
12 14 184
17 20 191
18 28 288
20 23 352
19 15 250
21 6 5
30 23 405
20 21 248
1 20 105
15 14 407
3 12 443
13 4 151
7 3 439
21 31 318
9 28 313
16 4 125
31 8 180
22 24 22
12 10 29
27 19 430
22 1 209
9 24 72
19 30 137
8 29 70
19 31 395
30 1 382
25 27 63
28 4 73
2 14 52
9 16 126
5 29 340
15 29 482
1 8 3
9 22 392
28 30 251
7 19 323
7 27 19
2 9 14
13 9 280
3 17 89
23 14 215
29 23 339
24 18 312
17 4 427
3 24 397
6 10 116
8 17 140
2 26 450
8 10 43
8 15 341
9 6 44
22 31 474
3 16 499
2 28 47
5 22 3
13 22 316
23 7 162
20 5 453
21 15 69
10 26 168
6 13 27
15 16 116
17 31 167
27 2 95
31 13 192
18 23 51
6 4 239
2 24 286
12 2 200
7 14 466
26 12 265
31 27 378
31 5 92
26 6 347
13 28 439
31 3 272
6 2 245
25 12 491
24 15 388
17 9 53
4 10 255
16 23 67
10 22 407
