78 15 11
12 9 196
6 10 447
2 15 414
14 10 456
9 15 207
10 2 162
8 9 10
10 5 428
8 4 403
6 4 500
5 12 54
6 2 352
12 7 33
11 12 197
14 15 22
6 15 61
14 2 449
11 13 450
1 10 66
12 10 27
13 3 182
11 6 203
4 9 497
14 12 54
8 5 353
12 2 256
5 1 169
5 2 218
6 9 484
11 5 413
2 13 53
11 2 6
13 7 110
14 9 372
15 8 84
7 9 254
13 6 113
7 3 197
13 12 256
1 15 80
11 3 340
7 4 43
2 7 25
8 1 289
8 2 209
1 7 45
7 14 292
14 8 278
9 5 442
6 8 156
15 5 493
2 4 357
12 8 14
11 4 323
15 13 410
6 14 247
3 6 248
3 8 56
11 9 31
6 5 153
2 3 136
1 11 373
4 1 6
11 14 395
2 9 334
4 14 326
3 12 73
6 7 486
13 5 349
7 10 356
3 4 173
13 8 60
13 14 284
1 13 169
14 5 419
10 13 495
1 3 186
9 3 475
