205 41 93
5 13 198
19 34 233
3 13 258
30 29 164
30 36 112
38 20 121
41 4 56
13 39 339
34 41 131
15 29 395
13 2 245
3 10 486
23 15 85
39 10 224
39 30 393
24 20 257
31 6 278
12 5 411
19 26 475
38 24 308
1 8 365
21 16 8
13 1 209
13 22 389
14 41 155
37 4 403
31 34 14
22 10 317
34 20 161
13 8 214
21 9 281
12 1 57
32 40 4
8 33 422
16 19 14
36 22 140
33 11 266
10 21 411
16 25 17
8 28 385
38 32 205
34 38 259
17 33 302
32 33 327
7 11 142
25 7 441
36 14 54
31 35 300
21 18 354
39 1 159
22 28 326
3 37 82
31 25 470
25 3 362
9 34 55
6 28 465
1 40 34
15 26 24
24 29 353
24 39 182
8 25 197
26 32 258
28 18 441
30 2 41
24 27 391
30 40 9
2 40 449
39 36 292
41 23 401
4 14 34
22 24 483
30 8 191
24 36 381
21 31 135
8 14 362
12 34 352
13 35 500
6 27 271
40 14 96
21 7 86
7 26 237
35 6 303
4 39 473
31 38 53
33 14 105
3 30 481
3 7 208
9 30 315
41 19 201
20 7 199
15 4 359
27 22 23
41 10 191
33 1 500
30 20 254
5 20 216
26 8 332
23 28 188
9 4 403
40 36 148
26 28 244
17 34 475
26 9 283
3 14 3
9 17 384
4 34 266
26 31 37
18 23 274
37 14 303
38 18 374
2 15 303
32 22 6
16 27 69
24 32 161
22 6 487
1 16 77
11 24 389
13 33 115
37 30 331
41 36 213
25 18 456
41 24 36
40 33 364
14 20 35
22 21 364
9 31 354
15 19 55
41 15 36
20 16 482
9 29 145
32 37 104
29 26 376
35 15 113
19 38 341
30 22 63
37 21 454
32 6 144
10 31 61
19 8 270
4 6 61
2 12 354
15 34 294
2 39 284
28 1 159
36 7 231
3 11 161
18 2 408
6 11 272
29 20 160
14 32 279
40 38 259
14 12 486
38 35 368
11 30 146
11 34 473
19 25 376
33 35 83
35 34 236
37 40 230
39 20 207
5 40 164
27 9 71
30 25 494
7 28 439
15 3 125
29 27 200
29 21 91
8 15 370
24 8 455
1 23 203
30 4 272
33 6 379
21 40 204
7 12 290
33 15 446
12 29 440
4 22 249
5 29 341
14 10 46
34 23 253
9 12 500
40 6 486
40 16 244
3 9 114
20 13 116
12 3 405
34 27 489
40 23 115
36 16 487
5 38 228
27 20 265
39 23 112
16 30 194
25 11 106
41 40 367
40 20 99
22 20 373
32 7 75
37 16 106
19 3 16
9 16 474
39 41 31
21 11 473
13 38 257
29 10 244
