276 24 157
6 23 275
18 15 290
15 19 336
16 12 90
23 15 343
14 8 88
8 1 35
23 16 32
8 11 254
16 17 101
6 19 157
19 17 430
2 19 91
23 3 72
10 15 398
5 20 5
12 19 194
1 22 194
7 24 26
24 20 14
9 14 91
15 3 94
1 10 275
2 5 318
3 7 187
6 8 130
21 4 28
24 5 105
8 24 147
19 5 110
4 11 443
21 12 278
18 2 313
16 19 196
5 13 497
17 22 272
3 11 384
5 7 390
23 12 133
12 4 172
9 20 435
20 15 196
13 22 364
20 11 54
10 7 383
22 16 123
10 20 8
8 20 2
15 9 475
11 21 8
6 12 359
13 19 121
16 14 35
5 10 448
14 3 443
19 14 397
21 22 377
14 18 265
12 14 255
2 7 89
14 11 373
5 4 316
21 7 146
23 2 139
20 18 65
10 11 249
23 7 400
15 2 372
1 7 347
16 21 20
22 11 3
8 2 361
4 8 162
17 13 172
15 16 469
8 23 410
12 3 287
14 23 423
18 13 221
10 4 159
18 24 34
15 1 256
15 21 143
11 15 90
5 15 199
1 21 302
18 1 309
5 12 338
6 14 340
19 8 130
9 3 498
23 9 355
8 22 40
11 13 92
17 21 382
13 1 38
1 3 316
20 12 403
9 21 282
4 2 277
20 23 374
12 10 208
12 15 379
9 13 281
5 14 295
12 11 168
14 2 476
17 2 290
11 7 333
22 7 406
22 6 251
12 13 373
18 10 400
9 17 344
7 4 36
20 3 296
9 18 35
21 10 316
19 3 92
17 3 352
23 1 89
21 20 159
16 6 122
18 22 208
10 2 159
24 6 302
3 18 477
24 11 451
16 10 469
2 11 445
9 11 203
9 10 243
18 19 353
4 14 165
22 10 489
14 1 112
14 7 21
20 17 3
4 13 411
4 1 405
5 17 280
2 3 385
4 19 460
7 9 221
16 2 49
3 8 342
7 20 412
12 9 441
20 19 445
23 10 174
8 7 459
17 1 244
8 5 239
14 10 144
18 5 190
15 6 456
10 6 125
2 20 29
7 6 399
21 8 453
17 23 351
15 17 101
22 19 261
16 13 281
22 20 172
4 15 296
12 22 27
13 23 198
23 24 301
19 21 420
21 24 211
4 6 69
9 2 462
22 23 378
22 4 32
22 2 464
5 16 484
13 10 134
5 3 383
9 24 59
19 24 159
2 6 232
3 6 300
13 3 33
9 16 464
6 21 41
6 13 112
19 1 210
10 19 72
19 23 189
14 22 245
4 9 53
18 21 123
7 17 364
3 21 168
16 1 209
16 7 309
14 17 53
4 18 493
12 2 469
4 20 212
21 13 257
5 6 346
1 5 94
5 22 167
20 14 179
13 2 22
8 17 363
9 1 10
2 24 435
13 24 48
8 9 38
11 6 413
24 4 499
11 17 313
7 12 326
20 16 285
7 19 431
11 16 15
6 9 207
11 1 160
24 16 19
1 24 245
23 21 70
1 2 129
23 4 431
5 23 69
7 13 209
10 8 219
10 17 103
1 6 31
20 1 66
17 24 471
14 24 28
12 8 489
18 8 499
3 22 236
2 21 314
4 3 217
4 16 149
16 3 158
13 20 214
6 20 74
17 4 175
24 3 72
23 18 387
18 16 154
14 21 70
18 12 279
6 17 478
22 15 333
11 18 445
8 16 324
13 14 267
15 8 469
5 11 131
12 17 491
7 15 210
18 6 499
13 15 21
1 12 49
5 21 222
18 17 343
10 3 103
8 13 322
24 12 490
24 22 357
22 9 74
9 5 346
11 23 147
24 10 435
19 9 283
15 24 291
11 19 4
15 14 123
18 7 416
