195 40 300
6 26 108
27 9 433
29 12 454
7 6 280
31 3 133
30 17 321
24 32 310
3 8 32
19 10 252
19 31 175
7 9 199
12 39 83
21 9 288
22 2 399
32 5 422
32 28 152
15 2 351
17 31 236
9 35 41
35 7 66
31 10 437
7 19 132
8 32 339
29 25 421
4 11 425
8 17 130
2 18 497
14 19 339
33 37 160
28 10 40
40 3 263
1 6 412
17 14 173
21 19 376
16 26 5
15 37 434
20 9 225
40 12 285
16 30 368
5 33 460
25 5 477
36 22 446
24 20 199
31 20 108
29 15 341
13 20 51
33 11 282
5 8 134
35 26 238
26 37 284
8 13 491
7 1 439
28 12 450
26 8 107
24 13 216
30 26 224
7 26 459
39 23 147
11 17 402
15 16 390
1 35 111
37 35 132
24 10 456
15 21 99
4 38 445
29 6 389
8 9 376
38 6 85
35 14 10
36 24 416
6 35 266
38 33 40
12 23 7
12 18 186
33 1 341
10 5 174
25 19 109
38 20 410
38 29 202
30 15 229
35 34 62
27 40 14
10 25 394
34 30 100
35 12 36
34 5 157
12 11 62
28 6 293
34 9 453
27 11 228
39 24 79
38 1 157
10 4 143
29 33 224
27 26 55
5 13 32
4 40 380
4 25 389
34 29 31
33 9 255
26 2 348
3 9 42
38 19 139
11 38 231
11 10 206
39 32 156
3 4 134
11 34 214
9 24 111
39 36 138
28 37 23
9 40 404
37 23 106
21 11 157
15 27 233
31 7 186
34 1 85
40 24 19
13 2 388
10 6 34
29 37 272
24 34 72
31 39 156
18 24 123
27 30 333
15 34 437
18 13 133
27 10 330
15 36 472
29 20 234
37 38 499
21 32 440
34 20 424
14 39 286
36 6 161
29 32 421
1 17 86
21 2 173
14 29 418
11 37 127
28 27 390
19 35 183
17 4 470
16 24 89
6 9 89
23 1 65
18 20 19
5 19 237
9 18 92
24 3 482
32 10 61
29 22 398
32 31 195
12 22 131
14 1 446
30 32 437
40 11 361
17 29 461
39 3 482
37 40 112
2 11 332
24 38 375
31 28 499
23 27 139
28 13 398
8 31 98
14 31 280
7 37 171
15 13 98
17 20 137
10 22 384
1 24 81
36 4 435
22 25 329
1 9 200
12 32 327
4 18 28
5 2 38
17 34 445
25 37 20
13 1 93
26 4 257
1 18 84
18 39 210
36 3 252
19 36 435
13 36 389
23 13 308
31 6 127
36 29 45
28 5 400
1 2 301
38 35 284
25 7 35
31 5 299
