645 42 184
42 26 23
22 11 108
31 29 390
4 39 364
17 5 356
8 15 496
28 35 378
41 27 431
8 4 211
40 17 32
15 5 260
20 22 102
11 36 305
42 5 158
26 20 78
7 17 92
3 27 468
29 15 242
2 15 9
3 29 479
38 8 147
33 40 111
28 10 311
17 25 45
17 26 121
14 32 169
36 41 444
27 28 74
21 28 250
3 37 87
41 35 230
3 2 261
25 24 86
4 20 168
18 26 240
40 22 485
23 34 325
27 5 375
15 18 499
29 4 73
9 31 72
17 8 372
28 23 9
24 4 23
28 17 107
4 34 225
30 21 165
3 19 465
10 6 194
16 26 125
12 13 80
22 37 380
5 12 79
27 18 139
6 21 222
40 8 141
36 3 253
14 18 196
14 36 122
2 16 171
9 38 79
19 16 378
31 36 167
19 6 497
32 19 56
12 2 299
18 11 206
41 19 269
42 7 397
9 4 211
6 22 340
38 22 390
39 30 185
26 27 3
8 37 219
37 33 324
19 18 61
4 17 341
9 32 263
33 35 463
26 11 364
8 21 409
12 36 275
3 30 333
20 7 327
10 27 315
15 4 110
42 24 390
35 29 377
8 35 107
17 18 478
37 42 362
30 29 27
40 39 27
24 33 104
9 42 254
21 15 221
9 37 20
38 21 453
6 16 73
4 14 270
6 2 437
41 17 275
20 27 227
42 23 339
31 35 436
22 42 258
17 15 161
3 26 275
15 27 282
17 33 189
35 21 306
5 18 441
19 9 63
40 1 259
11 33 17
33 18 462
34 37 88
34 28 187
16 34 271
9 35 320
4 18 263
14 40 82
1 37 136
31 32 382
41 32 458
40 16 188
27 17 3
36 32 212
36 13 292
5 21 405
28 15 392
26 24 382
30 13 151
33 28 56
36 28 22
1 2 148
9 40 53
7 19 238
29 10 429
11 6 262
29 5 218
34 27 199
20 5 145
10 37 466
28 38 153
41 8 282
2 9 375
36 15 43
16 7 199
20 18 348
34 20 354
21 11 399
37 23 418
7 23 343
31 19 388
16 3 454
25 13 236
19 37 499
17 6 497
42 3 300
3 17 447
4 2 51
27 16 25
25 16 447
2 40 446
35 18 178
9 27 475
38 11 299
24 39 148
1 26 420
38 14 136
6 25 198
27 37 96
21 2 334
30 12 7
18 1 49
32 30 491
30 2 158
6 34 247
23 31 214
12 7 380
41 3 382
21 40 164
34 15 27
27 23 144
2 27 29
40 11 394
23 6 110
10 34 11
1 30 151
21 18 152
4 41 28
1 25 188
34 17 114
41 13 453
24 7 337
15 41 328
38 19 346
15 12 471
40 38 88
9 3 67
24 13 100
4 7 367
14 6 102
16 15 105
30 18 455
22 10 313
31 1 34
2 29 67
13 11 129
2 28 251
3 5 364
27 39 47
38 2 314
31 22 414
7 3 305
18 28 426
28 41 6
40 36 474
25 22 30
11 35 310
7 21 467
22 7 328
8 28 21
6 30 6
4 38 71
14 30 326
22 24 26
32 23 169
27 36 168
41 9 292
37 40 460
37 31 308
2 41 204
19 8 382
37 6 443
35 20 490
10 20 483
15 37 190
1 10 391
4 6 7
24 5 81
25 12 287
2 32 322
21 25 421
24 12 48
16 13 85
16 12 109
20 24 219
33 6 325
31 10 337
24 38 83
27 33 298
23 18 248
29 34 273
32 3 42
31 24 392
39 28 57
3 4 479
23 10 109
32 21 178
38 37 236
28 37 290
39 7 114
42 21 384
16 5 95
19 35 490
13 26 461
31 34 184
40 18 398
17 19 188
35 13 26
24 14 238
7 26 198
13 40 224
35 15 423
26 23 130
5 23 374
36 18 110
15 3 463
30 11 276
6 27 481
33 7 113
30 22 107
12 4 332
26 39 158
15 22 316
42 41 484
5 11 259
25 11 234
36 4 492
29 8 289
9 16 208
4 5 408
23 13 402
20 16 78
10 41 407
36 2 287
39 13 466
23 4 198
16 29 458
24 11 436
39 5 132
1 32 398
12 21 50
35 14 216
13 22 252
30 15 180
33 16 129
23 39 472
33 29 498
2 37 328
9 8 227
20 31 178
29 22 101
42 35 115
36 1 181
26 14 15
32 18 183
7 35 8
2 7 471
19 29 393
24 17 351
22 18 393
29 32 287
4 28 467
25 3 369
16 24 385
4 42 380
2 10 236
19 25 243
24 2 456
4 33 200
14 8 215
39 32 214
36 33 112
26 8 181
38 35 217
17 12 444
21 22 444
42 25 277
38 5 304
38 41 162
29 18 204
15 10 26
14 34 179
38 32 408
31 41 411
38 39 427
28 32 69
5 35 358
24 8 459
20 42 384
37 16 125
16 38 398
31 26 295
17 29 253
38 30 171
21 19 370
26 35 253
25 26 310
39 6 411
19 27 195
33 41 58
39 42 6
13 21 21
39 21 160
8 31 219
34 35 43
22 2 54
25 20 93
14 31 253
19 23 486
13 3 407
34 21 236
4 37 412
7 9 298
32 24 182
38 10 176
22 32 226
39 34 57
19 20 454
8 6 407
6 12 427
40 7 380
36 25 95
32 26 310
1 17 283
36 26 363
18 13 358
1 39 160
13 10 481
23 30 181
8 18 495
19 2 36
40 20 4
22 14 450
5 9 42
23 22 211
29 9 395
10 35 244
17 21 459
12 39 371
3 31 486
30 37 75
41 16 344
33 13 107
5 2 186
15 38 434
20 3 189
9 1 273
33 38 179
33 19 370
33 34 68
32 37 140
21 29 313
28 31 220
10 21 360
21 20 176
25 34 91
3 40 22
23 15 437
24 27 193
42 31 188
1 3 169
13 19 355
11 23 114
14 37 324
40 27 214
22 34 323
2 8 464
19 42 300
17 36 82
37 11 421
5 34 92
37 29 30
20 1 30
10 14 203
12 37 109
30 8 207
8 32 179
13 5 193
38 3 184
30 17 99
22 16 234
19 22 493
40 6 114
34 18 162
11 32 326
8 10 123
30 40 10
38 25 479
20 36 175
14 33 376
25 4 462
36 42 217
37 39 230
39 15 443
12 3 147
26 5 253
34 12 488
40 35 61
42 27 249
31 25 436
2 31 6
22 3 3
16 28 241
35 2 392
35 1 71
33 32 416
31 15 427
41 24 193
25 9 123
37 24 167
11 29 67
27 12 176
25 33 446
25 5 369
33 8 81
23 9 129
18 38 223
15 32 275
23 41 308
14 42 417
12 29 110
13 4 431
2 25 488
39 8 495
29 6 422
32 27 298
34 19 118
25 15 332
1 21 279
7 6 241
20 12 105
13 29 2
9 39 361
41 14 267
39 25 396
23 36 67
34 8 183
21 37 112
12 28 384
21 9 419
12 19 174
21 14 463
2 26 150
20 6 86
17 9 185
10 5 249
11 41 478
36 37 11
30 16 28
26 34 92
19 10 55
26 21 178
27 38 267
42 1 59
42 28 174
12 31 452
22 41 263
25 28 384
30 10 168
2 17 232
18 6 33
38 17 34
40 41 47
20 41 477
18 10 65
13 20 126
14 7 91
14 25 288
29 25 262
7 37 72
30 42 10
23 3 407
19 14 291
5 28 224
23 1 322
30 35 125
1 8 72
20 2 316
29 24 316
32 7 241
3 18 351
40 24 456
22 4 389
26 10 168
4 19 140
40 4 195
42 6 25
31 6 46
18 24 198
42 11 331
22 12 410
38 13 209
21 27 497
4 1 340
23 17 21
24 6 248
40 5 455
9 13 459
29 42 164
38 7 189
40 28 242
12 14 151
18 31 128
19 26 378
11 31 40
32 10 251
13 8 303
1 15 144
12 26 203
7 11 360
41 25 57
14 17 341
29 38 100
26 6 127
26 38 80
33 3 474
11 39 53
36 22 376
15 26 263
38 23 42
24 21 372
28 20 225
19 28 176
21 3 413
1 28 205
27 31 217
6 38 343
41 21 349
27 7 277
30 7 487
4 11 399
2 14 257
27 14 106
12 10 86
30 28 233
12 32 358
19 11 293
7 5 293
1 5 446
41 1 424
13 34 344
9 14 222
29 28 203
4 32 93
23 29 448
23 16 29
38 12 156
31 13 156
20 39 182
11 9 21
17 31 30
8 23 421
1 19 363
2 33 424
25 27 270
34 41 339
17 20 43
40 23 41
19 24 300
6 1 248
34 2 34
22 9 361
20 37 379
26 33 492
11 12 496
28 6 280
31 39 195
41 18 57
10 25 8
30 19 324
13 28 48
11 8 145
30 9 99
26 41 181
42 17 198
5 32 434
24 34 489
32 6 205
33 23 258
8 27 493
