990 45 174
16 26 156
42 38 477
6 2 79
25 18 385
5 8 365
13 27 75
14 32 177
5 40 218
22 3 7
18 40 47
34 28 146
16 38 470
37 8 53
28 18 283
21 17 313
9 30 259
17 40 309
12 8 428
37 44 479
44 36 352
2 28 307
25 33 22
16 28 246
10 21 109
3 17 59
32 38 469
13 35 257
3 2 416
30 23 447
14 4 59
13 9 258
14 16 144
3 26 298
39 33 279
5 33 218
36 14 293
37 43 422
6 35 290
14 15 43
5 19 61
29 21 121
43 5 204
36 19 399
19 22 362
33 43 290
29 30 150
5 18 450
8 6 22
21 18 370
19 31 57
9 4 378
19 24 490
6 31 279
20 24 388
35 36 323
38 6 298
41 36 240
27 39 245
8 30 2
27 34 192
43 27 174
25 23 461
39 4 425
23 43 351
5 37 465
35 26 267
39 26 220
36 6 303
6 18 497
6 1 399
13 11 194
23 18 38
21 32 80
32 9 270
9 44 377
13 39 371
13 40 105
6 33 290
11 26 99
8 42 305
30 31 217
25 32 277
39 12 344
21 41 151
2 30 266
22 42 489
11 24 107
5 28 397
10 41 374
1 9 63
24 33 187
14 17 195
39 30 127
34 7 355
31 14 12
20 36 188
19 8 463
21 4 99
27 31 58
39 44 411
37 24 418
2 10 402
23 17 485
7 5 230
24 21 410
17 18 323
4 36 286
42 19 3
40 10 242
43 29 30
15 30 19
14 18 62
44 23 333
22 23 447
22 26 105
38 13 315
14 9 243
3 21 401
26 10 264
39 16 47
24 35 193
8 23 374
44 16 59
31 45 78
10 27 138
43 42 176
17 34 468
41 29 11
9 6 347
4 17 269
25 30 429
1 3 115
32 5 380
23 7 32
18 37 158
5 41 447
40 20 249
31 1 432
13 20 62
29 24 345
39 8 15
45 43 116
5 17 477
31 29 221
34 2 169
20 18 40
9 35 68
42 7 27
21 39 339
38 33 454
10 20 7
31 23 437
31 7 376
32 13 442
15 23 199
37 40 164
19 35 402
36 7 281
34 33 61
39 15 354
21 35 403
38 15 223
27 12 481
13 16 393
8 28 96
4 11 487
4 3 234
3 6 400
20 27 343
43 20 303
22 30 434
15 21 322
5 2 457
32 30 275
13 44 42
6 20 371
34 44 151
40 14 495
23 45 186
25 3 162
15 7 105
12 25 356
8 1 500
9 39 482
40 8 255
23 27 100
14 20 339
27 25 230
4 2 289
1 7 15
43 4 458
26 31 287
39 2 262
11 14 182
23 39 448
41 15 359
20 39 13
33 16 294
1 36 488
36 13 373
16 24 299
14 38 370
5 24 341
14 24 261
13 43 274
4 37 86
15 28 31
28 4 46
15 29 41
32 28 286
42 14 319
19 6 404
42 15 145
37 36 408
2 21 214
1 27 182
32 18 492
9 42 27
7 16 205
28 11 314
29 3 133
31 17 361
44 31 200
20 7 142
20 9 321
25 15 110
37 17 250
38 43 436
24 40 377
22 31 108
2 25 476
10 36 320
28 23 302
45 22 1
9 19 356
2 41 360
24 4 412
21 42 144
41 40 71
40 4 192
23 3 67
19 27 225
5 11 13
24 2 341
41 9 365
5 1 165
41 19 237
11 40 330
15 27 117
16 29 43
6 39 225
42 34 496
10 24 67
29 33 215
12 7 329
16 37 379
27 18 348
33 11 188
5 35 8
6 37 288
26 14 103
6 17 96
30 6 498
4 35 301
36 42 472
5 31 120
29 11 375
10 23 242
8 7 164
42 31 244
41 13 448
33 3 456
28 30 306
13 33 57
5 45 77
42 33 458
12 15 404
38 36 161
18 19 241
16 18 237
40 42 166
34 31 26
11 8 294
44 38 313
23 36 330
15 9 100
27 6 138
15 17 253
1 25 115
27 16 302
14 1 89
3 42 418
11 16 494
3 15 252
37 45 227
10 11 213
13 14 130
12 16 368
10 8 454
24 3 330
6 12 382
39 1 458
8 32 224
5 3 60
23 26 425
3 32 43
30 44 203
28 39 95
36 12 317
38 23 138
41 30 165
5 42 426
10 42 23
25 22 388
26 19 465
29 22 435
11 41 70
43 24 407
33 44 420
6 11 44
1 21 148
25 4 68
43 31 338
9 45 500
42 37 396
14 19 195
34 37 260
26 34 229
12 32 194
7 32 359
34 13 499
45 6 48
34 14 17
21 12 67
18 41 126
34 4 169
19 43 404
36 8 376
34 19 466
17 8 256
31 13 384
17 38 85
13 4 318
21 27 185
2 8 437
37 31 196
22 34 211
2 22 217
8 31 74
12 24 222
19 38 418
37 21 420
30 42 418
25 20 417
44 25 69
9 21 5
36 31 415
43 10 323
24 6 131
28 25 80
28 12 146
33 12 448
45 10 291
23 34 365
24 30 128
22 9 268
5 20 67
28 44 267
14 3 84
43 32 148
8 9 213
1 19 385
35 38 173
36 21 407
8 25 39
41 33 351
18 3 133
30 13 481
43 7 407
40 29 453
26 45 466
32 22 357
15 10 477
6 32 290
38 4 198
9 34 12
32 24 65
44 4 155
41 6 423
4 20 309
45 24 301
7 38 366
17 43 249
24 13 333
26 20 450
1 17 283
8 27 119
4 33 277
28 9 229
11 32 416
45 20 459
11 20 465
25 5 337
44 3 98
39 5 295
27 42 401
27 37 357
35 41 157
37 15 105
27 7 366
41 8 162
2 31 186
29 8 425
18 36 135
16 3 316
18 42 482
42 41 34
39 11 155
3 20 200
5 6 72
2 36 441
7 10 486
2 44 10
35 43 88
33 32 276
30 45 462
35 2 172
41 23 315
3 45 421
8 14 223
28 38 250
27 40 214
8 33 203
23 42 369
13 17 201
5 34 198
21 30 281
37 28 3
17 32 42
40 6 318
31 18 469
26 9 251
7 4 61
6 13 475
44 5 76
17 35 226
31 33 198
32 34 145
41 25 315
43 3 43
23 12 224
24 8 451
37 22 424
30 7 191
1 44 367
33 40 272
24 34 265
45 13 350
33 7 26
20 15 128
3 12 302
29 23 466
27 32 161
15 18 156
45 12 406
27 41 449
5 4 167
25 21 3
18 11 23
19 7 353
19 33 470
3 41 161
31 16 133
30 34 250
22 36 168
20 19 13
20 30 93
30 19 220
12 13 422
40 1 153
28 22 50
4 32 83
36 33 339
25 34 462
32 39 224
33 21 120
12 4 414
36 39 462
29 13 242
5 36 481
41 39 470
9 17 373
20 44 386
44 24 147
38 1 415
28 42 37
32 40 183
31 12 353
12 1 444
41 17 446
14 28 53
40 19 305
30 33 373
24 41 126
23 40 42
3 39 319
3 37 371
24 39 398
23 20 31
5 26 4
5 27 278
9 25 474
11 1 405
40 43 296
28 45 307
25 37 79
10 4 319
28 27 24
12 43 168
22 38 90
29 17 77
41 34 21
22 33 149
37 33 154
15 6 251
26 43 381
20 33 299
26 28 119
45 4 385
44 15 316
26 7 101
18 30 210
42 25 317
17 12 104
35 12 252
36 43 255
26 30 171
36 34 98
30 37 186
35 44 57
18 35 7
7 3 463
33 27 280
27 17 190
35 14 217
35 33 239
3 9 64
15 31 161
21 44 109
22 21 390
40 7 212
29 44 339
31 9 203
14 21 199
38 31 20
6 14 288
26 21 175
23 5 424
2 23 193
22 5 328
35 20 274
25 31 62
4 1 321
13 1 19
33 18 493
15 22 423
16 5 471
2 9 170
15 11 396
7 39 279
10 12 244
2 45 420
31 24 120
28 36 52
25 40 294
18 39 203
27 9 370
5 12 85
19 25 78
24 18 356
16 6 131
36 45 185
43 15 403
35 29 291
43 44 189
44 10 249
4 41 145
43 34 377
25 26 114
20 17 287
27 14 401
35 23 393
1 24 243
3 11 190
25 35 477
10 14 457
22 10 290
10 29 110
41 45 398
13 42 230
18 1 126
20 21 108
45 1 376
30 11 500
35 34 417
37 13 139
1 35 446
24 27 403
16 15 131
3 8 61
34 38 45
36 27 180
24 7 325
34 29 391
35 39 105
31 28 344
21 11 452
40 21 427
45 8 309
38 11 202
35 30 236
40 45 253
31 10 420
33 1 362
45 17 438
23 33 67
41 20 209
28 33 374
29 37 125
27 11 189
29 36 478
14 44 176
10 19 25
26 40 348
25 7 400
3 31 42
6 26 431
17 2 386
9 7 34
15 4 266
35 10 203
34 45 328
42 20 353
44 41 267
1 26 275
3 19 340
34 39 347
17 39 134
43 14 28
44 11 493
45 32 153
29 25 409
7 22 410
31 32 161
17 44 227
16 35 178
39 43 105
20 22 33
7 11 38
27 38 434
42 16 168
13 18 222
14 22 264
15 1 67
36 17 307
25 10 266
16 41 37
45 19 343
42 17 218
2 32 232
36 25 169
38 2 449
27 30 211
15 19 407
16 4 384
3 34 481
16 45 437
18 45 145
29 27 328
13 25 76
41 26 297
9 29 327
31 35 407
35 11 218
35 7 141
26 4 312
23 6 167
26 24 149
45 33 6
10 34 450
19 37 23
30 16 203
33 15 426
8 43 146
21 16 81
40 36 452
4 22 202
39 10 416
19 21 93
33 17 27
11 25 56
12 2 105
26 18 348
1 22 351
9 40 61
1 34 58
17 24 81
11 22 340
42 6 231
6 4 471
11 12 63
26 37 187
8 21 308
30 4 434
32 16 280
43 28 69
23 13 298
6 25 46
32 1 231
30 5 451
37 35 62
33 14 241
26 44 32
13 3 146
35 40 197
6 43 395
9 12 123
12 18 157
4 8 396
14 2 269
38 20 124
25 38 428
42 2 103
19 28 215
1 42 141
45 29 144
29 2 178
41 28 238
9 10 261
38 30 65
1 2 326
6 34 163
18 34 482
29 26 122
39 37 487
19 2 399
42 45 364
13 26 308
13 7 419
36 3 384
1 30 81
39 29 350
44 32 182
2 26 98
28 29 255
32 37 419
13 2 66
21 31 268
33 2 191
38 21 190
14 39 187
17 7 151
2 27 154
45 38 460
37 2 376
42 11 261
29 42 462
2 20 74
17 19 475
18 38 433
37 38 229
27 44 275
7 29 168
17 22 141
29 12 64
7 45 394
28 7 141
41 31 402
36 32 363
16 17 397
8 13 313
19 13 41
33 26 402
22 18 207
7 44 9
39 38 41
15 24 106
44 12 79
21 28 163
38 3 312
1 41 469
31 11 455
32 41 69
40 38 87
20 1 431
22 41 299
31 4 478
35 15 9
20 34 364
8 38 477
23 14 288
22 27 21
14 25 436
7 18 67
45 44 340
6 29 8
11 17 19
35 27 449
5 9 22
35 3 73
9 36 380
27 45 286
13 22 425
36 11 231
26 12 498
37 11 431
41 37 467
16 36 455
28 1 488
40 16 175
38 12 442
14 7 182
45 14 71
16 34 401
15 32 463
12 20 490
10 38 164
10 32 424
12 30 12
8 34 409
30 43 306
26 17 288
39 19 144
11 23 121
36 26 164
37 23 346
44 18 185
1 16 186
45 11 208
36 30 485
25 16 84
45 25 465
1 10 25
6 28 246
43 2 136
31 40 381
19 44 410
12 41 248
44 22 25
39 40 104
2 7 79
12 37 449
20 37 74
37 1 382
2 18 115
9 33 275
6 22 216
16 20 222
43 22 316
26 8 262
10 18 410
28 10 398
45 15 116
1 23 196
9 38 467
12 40 14
23 21 375
8 44 219
41 43 467
17 30 268
40 30 458
37 7 256
39 31 307
20 32 273
42 12 328
34 40 283
43 18 366
5 10 82
42 4 67
45 39 236
10 6 376
21 43 381
24 22 218
35 45 194
20 31 59
5 29 488
3 27 415
4 29 185
15 5 335
8 15 282
3 28 455
20 8 341
21 34 154
4 19 309
5 38 208
19 16 141
8 22 205
14 37 24
21 5 271
42 39 80
19 23 120
10 17 71
18 8 300
37 9 398
44 42 303
42 35 233
2 16 437
35 8 292
14 29 1
24 36 343
44 40 170
30 3 426
13 15 218
28 35 326
21 13 441
21 7 299
23 24 324
12 19 28
9 11 472
40 22 391
40 3 297
23 4 485
16 9 376
42 26 24
16 43 127
25 43 359
40 28 338
34 11 465
2 40 291
26 38 21
24 25 176
34 12 71
30 14 279
32 42 480
20 29 471
10 37 4
19 29 384
11 43 159
5 13 155
7 6 488
27 26 337
5 14 191
14 41 417
42 24 50
39 25 116
34 15 109
6 44 74
28 13 173
4 27 37
8 16 276
28 24 126
10 3 120
15 26 299
15 36 320
21 6 269
24 9 251
39 22 72
19 11 206
29 18 122
23 32 438
17 28 441
45 21 109
38 29 398
32 26 87
41 38 390
25 17 271
35 32 263
12 22 317
16 10 170
30 10 151
9 18 415
20 28 43
43 9 142
32 19 180
29 1 365
18 4 242
29 32 191
35 22 253
2 11 112
7 41 317
22 16 385
2 15 421
13 10 108
23 16 459
10 33 335
14 12 75
24 38 428
1 43 279
9 23 500
15 40 429
