248 32 6
1 4 288
30 6 172
26 23 214
9 14 164
3 14 37
11 7 64
5 13 20
13 14 272
4 19 64
1 30 14
3 28 182
2 15 77
16 1 349
29 31 365
4 5 237
23 14 171
2 25 117
15 17 209
17 31 134
21 29 119
28 10 425
4 25 457
19 29 373
27 12 267
4 12 18
19 2 146
20 18 233
6 22 125
18 7 465
24 12 174
13 7 257
14 1 343
25 21 466
14 20 10
13 27 199
32 22 100
19 24 161
12 5 499
10 27 37
30 3 64
12 25 167
2 31 280
12 2 387
28 17 99
10 20 51
11 24 279
16 29 177
31 15 490
15 10 458
21 20 90
2 24 302
18 10 189
5 24 333
32 12 399
31 21 225
5 15 459
29 28 123
10 26 231
25 7 11
16 4 258
3 31 46
8 25 485
11 15 39
3 23 415
21 13 283
24 32 332
7 30 216
1 9 395
26 14 279
18 19 274
31 12 467
32 23 302
30 9 196
30 24 437
10 30 191
26 21 292
18 29 167
25 32 475
10 9 297
12 18 24
14 31 442
24 21 260
32 31 119
21 5 287
31 8 492
12 28 380
29 14 79
23 18 346
30 14 250
15 25 49
23 17 352
13 18 347
10 13 497
26 15 65
1 21 420
9 18 223
28 6 486
20 22 435
31 28 421
19 25 147
18 15 389
22 15 310
9 15 151
4 2 20
32 16 113
1 7 373
28 30 452
2 9 103
22 11 74
26 7 469
11 10 275
4 20 330
16 13 348
21 23 113
23 24 433
19 14 316
4 7 108
2 30 56
11 4 166
31 19 500
32 13 40
8 26 309
9 12 80
22 13 30
9 19 343
14 17 464
28 18 401
3 12 67
5 11 413
32 19 8
28 8 6
22 17 263
25 31 15
23 19 285
1 19 37
15 21 160
27 2 462
13 1 486
19 28 1
15 20 83
11 6 41
12 19 287
11 12 404
7 3 440
11 21 332
28 22 18
8 17 305
2 28 260
26 27 38
5 31 17
24 13 449
5 27 421
22 9 120
20 31 437
1 22 216
25 23 75
28 16 300
6 27 478
7 17 55
17 11 400
21 28 182
32 18 51
11 9 46
4 6 118
16 22 69
13 31 329
32 8 452
6 12 381
11 23 312
20 23 229
28 15 347
29 13 317
23 31 59
12 10 320
30 22 39
26 28 366
11 1 313
13 20 302
1 18 41
26 17 223
20 29 132
10 5 178
7 28 314
31 22 489
25 30 472
6 20 141
25 16 31
3 32 341
19 7 261
9 21 327
23 12 190
3 6 466
16 12 97
19 26 476
4 23 367
23 13 457
3 17 239
3 22 241
6 26 357
1 23 472
16 20 65
18 22 415
16 10 459
3 9 181
9 20 411
27 19 34
16 19 413
19 11 129
32 10 365
25 9 137
32 30 9
8 9 316
22 25 360
24 10 35
7 8 182
9 27 393
10 8 250
4 8 2
29 9 43
30 15 458
18 6 397
2 23 175
27 4 58
14 32 294
13 3 95
5 2 99
5 30 237
13 30 68
32 28 343
26 4 154
11 14 312
30 8 20
21 12 99
17 19 498
2 7 320
23 27 390
11 29 134
2 22 28
31 30 67
28 4 91
21 32 182
27 29 331
9 23 404
15 1 159
2 14 221
11 32 397
25 18 308
30 18 225
