105 15 41
8 14 67
4 9 282
5 7 403
13 3 396
11 14 327
1 8 437
11 3 330
7 8 77
12 15 461
1 12 404
12 4 243
6 1 428
5 9 437
1 7 322
3 4 158
14 6 346
3 9 339
7 3 201
4 11 11
15 9 283
13 14 336
13 8 335
9 1 89
7 13 471
11 1 55
11 5 218
6 3 58
4 6 153
15 3 343
13 11 484
10 8 196
10 3 122
14 10 411
12 2 180
3 12 355
4 13 438
11 7 209
11 2 265
11 6 343
8 6 3
9 2 78
15 10 42
11 12 140
8 12 425
2 13 475
4 10 432
11 9 197
8 15 448
8 5 48
7 12 66
5 2 26
14 3 4
2 6 25
2 7 40
15 6 190
14 12 425
3 1 11
4 1 135
10 7 36
10 13 473
1 15 242
4 15 339
9 12 383
6 10 426
3 5 428
2 8 414
13 1 413
10 1 13
1 2 246
14 15 348
8 9 61
5 15 335
11 10 333
2 15 179
5 1 497
5 4 286
12 13 320
11 8 142
5 13 48
6 5 258
7 6 337
2 10 17
9 10 292
11 15 493
2 3 346
6 12 178
2 4 327
9 14 93
7 14 185
5 12 326
2 14 288
12 10 472
7 9 14
4 7 113
4 14 99
14 5 358
6 9 426
8 3 446
4 8 353
1 14 344
10 5 486
6 13 77
13 15 144
13 9 37
15 7 326
