517 46 43
42 5 62
2 17 45
6 29 309
13 15 6
16 10 18
7 19 200
26 37 354
36 15 279
23 2 99
24 4 410
16 2 136
28 41 451
25 23 154
3 29 100
41 32 462
36 41 442
30 9 401
38 23 269
18 7 250
44 39 62
37 5 427
14 27 100
29 17 99
5 28 20
46 38 462
42 12 453
39 12 65
13 39 221
38 34 129
25 45 429
41 21 186
20 42 456
46 7 101
5 34 46
31 24 39
13 37 419
37 41 296
14 11 462
39 30 80
33 24 120
42 11 368
34 13 499
18 6 240
22 9 411
3 34 102
34 29 20
42 6 452
7 25 167
11 23 364
36 29 77
27 28 38
24 16 301
10 11 273
1 33 240
14 29 432
8 2 434
30 35 270
2 35 52
45 22 428
9 23 438
12 20 67
8 38 321
30 27 309
4 41 168
3 1 360
35 8 466
20 3 170
19 6 243
30 40 177
6 22 370
3 39 484
8 22 336
5 31 404
30 33 8
23 6 7
19 4 479
40 45 491
28 26 210
20 39 1
6 30 350
18 36 306
31 14 311
25 37 59
30 7 161
24 25 156
3 6 344
9 18 303
15 25 369
7 24 178
9 43 204
37 16 366
2 6 313
43 7 369
26 14 11
12 33 482
25 42 99
39 22 179
35 6 446
6 1 285
38 3 100
1 19 275
45 21 34
7 6 32
34 41 120
38 6 164
24 19 2
8 37 67
18 28 112
37 19 211
40 39 442
13 3 460
38 19 342
33 34 154
14 6 253
17 10 197
37 24 346
13 10 362
41 15 78
19 18 160
6 25 182
16 26 346
34 26 117
37 38 291
12 8 315
28 24 459
25 39 368
27 20 131
24 8 378
16 3 484
6 10 22
21 6 68
32 36 434
39 31 229
40 29 220
16 19 490
35 40 30
39 24 120
41 12 399
2 21 433
34 32 389
39 6 237
35 34 143
32 23 107
23 26 346
12 24 207
25 4 372
32 10 203
28 23 195
41 38 449
3 24 101
3 28 152
6 28 178
17 45 62
29 31 24
27 1 68
14 7 442
11 43 286
3 45 130
45 32 395
44 13 420
29 5 249
22 46 239
4 42 227
28 7 186
42 41 463
3 9 188
8 32 395
44 8 41
2 14 186
19 40 387
16 43 29
23 16 42
24 18 291
30 25 86
40 15 442
33 6 74
10 37 174
40 4 394
12 3 473
25 44 10
17 8 124
7 37 225
21 35 266
14 39 31
30 45 239
36 1 30
3 5 53
39 26 398
28 25 97
21 17 256
33 40 158
24 20 339
17 6 499
5 2 334
34 1 348
10 4 157
39 28 159
16 21 175
22 15 170
13 4 350
16 34 203
31 10 457
30 1 226
20 30 141
32 11 466
16 40 443
28 16 499
9 34 181
5 32 204
13 17 45
45 19 68
21 10 210
38 15 369
4 27 208
8 10 185
5 16 464
21 15 425
1 24 480
3 44 170
26 25 263
3 30 274
27 39 176
31 2 291
21 12 183
17 26 89
44 46 55
2 40 57
43 45 265
25 11 8
41 13 339
11 40 125
43 12 180
42 22 387
41 9 318
36 20 17
8 6 23
46 10 32
35 28 39
4 7 309
24 26 294
12 27 114
35 7 457
23 22 414
18 31 11
28 38 444
35 23 363
14 23 301
5 18 343
46 18 398
12 4 458
1 44 19
30 46 21
35 11 119
30 38 396
27 46 332
38 14 467
40 32 173
2 37 183
4 18 449
6 46 340
11 36 389
29 22 76
22 43 353
29 38 344
10 38 221
7 31 65
34 39 423
29 15 29
43 33 98
20 21 245
14 43 324
11 3 47
1 8 414
1 38 249
32 43 89
33 16 378
36 6 276
39 45 484
17 41 338
16 32 347
18 17 200
11 4 38
44 6 45
30 41 259
20 1 230
10 43 240
5 46 72
30 29 229
32 27 197
5 41 421
34 22 148
39 16 454
9 28 348
20 9 112
8 3 424
41 24 396
8 9 237
42 7 488
2 10 140
26 11 7
10 9 402
33 3 125
18 43 350
16 25 46
38 42 143
7 17 305
4 20 360
31 44 439
8 28 271
24 13 298
23 24 55
1 17 76
18 13 378
17 15 462
14 45 99
3 23 427
40 5 117
27 37 447
29 27 26
42 15 416
26 27 412
7 9 98
44 21 205
5 24 256
30 42 11
3 32 431
22 31 60
20 5 389
28 43 85
43 20 362
35 31 137
37 36 196
2 11 441
10 40 138
33 10 194
16 1 249
4 2 37
38 24 122
41 46 474
39 32 76
46 11 431
23 36 94
2 39 107
45 20 455
40 1 495
16 13 29
14 9 476
20 19 257
7 26 146
45 27 184
27 19 204
41 11 445
19 43 206
10 3 264
20 31 259
43 36 14
33 25 445
19 44 173
46 34 37
34 27 23
44 24 107
39 7 412
16 11 335
15 44 444
36 13 419
16 46 494
22 5 183
22 19 74
19 29 377
32 14 109
25 19 320
29 13 172
39 19 324
3 46 227
25 3 126
19 28 412
31 19 140
19 33 305
33 31 141
29 28 333
46 9 45
4 22 364
20 11 457
32 38 423
46 19 466
1 9 296
12 16 74
15 20 396
40 8 263
4 37 64
43 41 415
35 12 179
6 4 293
36 30 160
31 12 34
12 13 416
25 9 376
17 14 113
30 14 238
40 13 77
39 36 255
37 20 267
18 22 455
45 7 401
6 27 14
29 26 238
40 3 385
16 15 280
33 36 23
27 31 468
8 4 78
26 20 121
29 33 410
21 26 265
2 9 150
41 18 482
33 18 455
46 4 297
12 11 23
18 23 204
41 10 27
27 15 313
29 1 332
44 41 354
32 37 263
17 11 175
36 34 391
1 13 171
7 32 109
8 26 185
11 8 181
24 32 279
25 35 315
16 42 362
13 9 97
42 44 341
9 12 271
34 17 194
11 22 134
38 18 499
1 46 470
5 30 478
43 15 256
20 6 160
20 17 120
17 27 273
7 44 259
45 31 395
28 13 144
28 1 61
20 46 290
38 22 326
7 33 128
43 35 93
2 44 358
23 46 95
7 38 303
2 20 206
25 17 462
30 13 482
13 6 25
20 29 409
15 30 126
16 8 397
29 46 109
30 32 116
8 42 191
16 18 86
26 12 451
45 28 229
14 36 129
1 14 416
42 40 423
33 20 311
44 18 344
36 5 333
38 40 318
10 25 109
2 18 350
43 1 8
31 37 366
7 40 121
46 21 192
10 44 316
25 21 424
3 36 462
20 7 128
38 4 8
19 11 317
45 34 299
33 21 232
37 30 426
15 12 226
17 35 280
11 29 201
12 14 85
24 17 497
1 2 425
46 33 493
6 37 145
41 16 369
19 2 470
12 7 448
10 15 274
44 11 133
13 35 433
31 25 264
46 40 353
40 31 213
26 6 229
9 16 276
12 46 143
19 9 477
1 18 379
29 39 127
17 12 362
5 13 322
