116 31 23
23 10 119
21 27 241
22 3 49
13 9 94
22 17 436
9 23 59
11 5 208
8 16 244
14 26 46
20 18 122
31 21 346
24 6 277
18 1 156
17 29 293
15 3 498
17 15 405
4 10 332
25 3 439
22 27 433
5 27 141
14 24 191
24 8 385
15 8 37
18 27 13
11 19 62
2 5 196
23 17 122
25 7 197
26 20 347
23 18 354
12 17 152
3 28 140
19 18 403
22 1 274
5 16 88
6 31 440
19 13 260
26 21 148
10 30 285
9 17 348
22 14 70
28 8 454
18 10 335
7 6 339
7 9 241
10 14 391
11 31 4
28 10 122
17 4 473
13 7 281
3 21 147
13 17 421
28 25 143
9 14 90
5 28 235
15 7 370
25 11 394
15 27 403
23 24 401
2 23 401
8 1 87
21 17 46
4 3 472
11 7 166
7 27 261
16 24 82
8 30 304
14 3 201
31 9 275
5 22 213
16 18 338
12 25 313
29 6 460
13 28 405
28 18 324
22 28 361
10 26 334
18 6 327
22 24 498
7 5 41
20 2 292
17 5 110
16 28 85
17 6 269
10 13 458
9 21 205
30 26 392
15 24 285
21 6 261
3 1 133
7 24 176
22 12 143
9 22 434
17 18 62
4 6 253
26 3 353
2 25 451
8 29 92
23 29 354
2 22 92
3 17 208
2 10 251
10 12 384
25 24 369
8 6 7
18 15 188
12 4 489
22 19 85
14 7 21
30 12 376
7 2 451
18 4 124
17 25 124
25 26 172
25 19 34
12 1 172
