215 42 46
31 18 323
3 4 410
9 38 116
31 9 2
9 41 20
9 35 384
22 23 226
13 37 247
9 13 152
40 14 462
14 18 116
17 3 141
10 29 272
13 35 1
10 20 131
38 35 427
32 37 441
9 26 221
2 28 408
25 41 410
24 2 353
40 38 497
9 37 227
39 36 342
4 15 351
33 3 312
8 10 93
13 1 10
15 30 361
3 14 21
25 26 488
1 22 32
23 41 255
2 26 181
20 15 3
31 38 68
18 22 227
6 13 39
22 20 246
38 12 362
34 36 60
23 16 375
38 28 311
5 41 76
33 39 277
36 9 343
25 35 266
22 33 297
34 14 415
7 10 206
31 33 155
12 5 244
35 37 461
17 11 116
12 18 356
13 29 249
24 17 357
42 7 353
9 18 260
31 23 335
8 42 64
40 3 382
41 32 134
1 32 201
10 25 225
16 7 209
40 28 171
11 42 32
29 5 360
4 7 132
12 34 109
13 26 89
31 40 171
12 4 289
28 33 248
26 7 217
40 39 98
5 26 339
29 1 240
29 11 135
11 28 126
15 25 235
40 6 196
23 12 133
30 2 293
13 19 158
21 22 351
7 6 112
23 13 157
3 28 145
19 9 127
1 10 138
1 42 314
11 32 243
18 19 458
41 40 414
39 7 353
16 28 94
36 13 396
12 25 456
20 14 74
12 33 455
26 31 230
15 23 155
27 15 168
20 36 422
24 14 232
40 29 100
24 42 100
6 19 134
18 4 68
31 34 134
1 27 149
37 24 349
16 18 83
41 8 409
38 5 42
26 15 497
23 39 196
12 20 337
19 27 38
13 27 67
22 11 330
6 32 301
13 32 204
36 5 380
28 7 356
5 15 117
20 8 92
39 18 376
30 4 112
24 38 52
7 18 8
18 8 276
39 21 357
40 19 323
1 2 198
30 14 437
30 21 435
30 23 404
8 34 477
19 25 164
20 17 450
33 36 168
36 7 482
25 32 7
25 16 481
36 29 228
14 27 262
36 11 324
30 22 187
24 22 59
8 26 10
36 4 221
34 32 190
30 10 405
2 14 238
29 14 264
4 32 139
39 16 306
23 20 346
28 5 284
10 33 126
4 5 473
3 12 191
36 41 269
33 1 273
28 35 354
6 29 187
19 4 334
7 31 307
22 27 497
10 17 279
14 11 394
25 23 186
33 8 324
23 35 167
37 4 37
19 16 295
12 29 188
19 7 485
40 32 175
16 36 37
15 41 493
39 38 275
18 37 478
17 40 100
9 15 205
5 20 445
9 11 416
2 32 107
1 20 168
19 12 164
23 3 10
25 38 268
32 3 172
8 13 122
18 32 159
22 2 279
14 12 224
7 23 340
20 30 212
14 31 487
39 25 286
9 29 117
23 2 390
12 1 162
35 14 435
16 29 365
3 13 401
11 39 230
27 24 367
29 8 172
18 26 173
42 39 145
