105 15 5
10 2 442
11 8 304
14 3 468
5 11 488
1 6 301
7 9 410
14 1 101
11 2 412
10 14 494
6 5 284
9 10 66
14 11 140
11 13 165
1 4 101
9 3 481
2 13 328
2 14 12
1 9 206
15 10 146
11 1 402
15 5 424
3 2 92
14 8 486
13 10 64
7 4 322
8 4 497
11 9 414
11 12 168
4 6 250
10 1 325
2 4 374
8 5 187
3 11 157
3 13 455
14 5 463
6 10 69
7 15 169
9 12 8
7 5 233
5 2 440
13 9 37
5 10 468
15 8 56
9 2 294
3 15 475
13 1 349
6 3 215
7 10 239
5 13 114
14 9 131
3 12 31
1 7 321
12 6 235
8 9 109
15 9 384
14 6 113
6 7 212
15 6 308
4 5 56
8 6 491
12 2 107
4 12 186
12 10 135
3 7 385
10 11 207
5 9 104
1 5 188
3 1 356
15 13 9
15 1 386
4 14 306
2 8 447
7 14 97
6 13 342
2 7 496
3 4 463
14 15 284
3 5 407
8 1 424
7 8 282
13 14 131
4 9 314
7 12 101
7 13 495
12 15 217
4 13 496
15 11 385
10 3 117
13 8 100
5 12 157
10 4 478
9 6 56
4 11 409
10 8 482
6 2 373
12 1 411
4 15 487
13 12 381
12 14 161
8 3 280
8 12 200
15 2 117
6 11 428
2 1 153
11 7 493
