69 24 17
7 24 328
8 16 342
1 24 224
13 21 347
24 2 291
23 7 372
23 24 297
11 1 308
11 5 253
20 18 79
22 17 224
11 12 250
12 4 37
21 23 144
9 8 288
15 10 421
22 12 222
19 17 249
23 20 142
3 9 117
21 4 87
4 18 197
19 16 163
5 10 136
2 3 152
8 22 267
23 12 78
16 22 258
17 20 380
22 15 93
1 8 37
18 8 314
23 1 470
7 6 139
12 3 120
17 3 4
6 22 427
4 5 260
16 12 344
20 6 288
10 16 166
6 11 296
3 21 132
23 13 402
8 5 483
4 8 282
3 4 83
6 24 463
12 20 421
1 21 241
13 20 264
10 6 108
6 1 8
15 1 447
14 18 464
6 16 118
8 23 38
24 8 472
8 15 19
5 14 49
6 17 259
14 4 55
7 16 277
24 20 213
7 15 17
16 11 236
20 4 96
10 19 32
5 9 2
