555 39 376
17 32 122
3 1 110
20 19 240
15 8 335
38 21 274
24 2 143
34 2 351
36 18 480
7 18 143
31 38 183
5 11 154
30 36 333
38 27 478
28 1 262
2 27 110
24 39 304
10 14 283
19 11 88
23 9 446
28 22 136
38 18 430
7 21 17
27 13 35
15 16 449
11 8 237
32 10 271
35 13 100
18 25 324
34 25 490
36 7 316
33 37 269
28 35 25
2 8 378
8 17 180
9 6 282
20 23 461
36 28 319
9 2 311
1 21 397
35 37 86
16 26 498
31 1 141
18 28 211
1 24 262
10 28 417
14 29 20
12 6 138
28 33 12
3 17 169
7 22 68
3 18 473
13 3 37
31 39 17
31 5 327
3 30 196
9 19 302
33 25 139
14 25 11
18 5 154
8 22 12
15 22 408
21 20 490
6 37 393
19 3 261
21 39 336
6 17 462
21 4 388
31 27 81
22 39 453
16 23 330
16 8 194
36 27 217
29 11 478
31 4 192
35 2 5
22 2 133
23 6 238
38 1 325
1 25 355
6 25 80
11 2 332
10 12 150
38 30 73
35 17 486
8 31 406
24 30 148
19 1 173
32 20 417
31 19 499
27 8 240
31 20 212
19 37 303
22 26 77
18 12 247
21 11 200
21 28 227
15 2 132
9 30 157
29 25 326
33 5 287
16 19 373
7 8 233
16 38 54
24 3 393
15 18 98
21 10 284
2 37 223
31 23 71
32 35 372
10 8 6
30 13 186
31 21 496
21 26 354
15 17 135
24 15 442
11 23 289
12 25 452
8 23 474
22 14 293
20 38 432
23 21 243
13 39 96
30 29 293
12 1 412
5 34 115
24 7 447
22 27 47
21 33 305
33 3 105
26 13 202
26 27 217
19 26 4
2 32 226
30 28 131
25 16 89
27 10 21
2 12 447
6 19 442
29 24 31
39 28 111
29 7 425
2 14 374
36 26 92
6 8 289
28 17 216
36 24 223
4 33 426
6 34 454
7 11 264
20 18 498
6 16 353
29 37 326
39 3 433
34 22 72
22 38 64
21 30 147
38 28 497
2 10 87
29 19 350
38 4 325
5 20 107
18 14 290
15 25 238
32 22 488
13 11 210
33 29 285
15 37 264
20 22 326
2 4 161
8 38 211
20 35 190
10 4 320
36 25 329
6 1 334
31 35 126
5 14 399
36 2 466
15 1 380
33 15 474
17 11 153
38 10 172
9 34 28
32 30 23
22 10 346
6 5 275
8 12 358
29 17 420
24 35 208
29 8 247
31 14 64
13 20 358
7 15 364
31 22 58
18 21 154
13 12 60
12 34 155
36 10 498
34 11 146
32 4 259
32 26 324
24 4 431
24 18 477
32 24 5
27 3 332
7 38 445
35 5 332
2 19 460
31 24 359
5 9 396
36 19 158
22 4 93
39 36 124
17 36 439
39 27 429
31 33 403
39 20 349
3 10 170
1 29 324
17 5 76
37 20 335
24 5 226
37 24 389
28 19 476
31 6 384
11 20 230
12 39 436
16 20 468
30 11 118
6 3 212
21 24 442
20 30 135
11 39 150
15 29 162
27 35 391
4 6 100
6 32 57
23 29 415
31 3 30
30 18 20
33 8 304
13 4 161
39 14 95
1 10 201
25 31 120
39 26 247
17 37 401
36 3 40
3 8 180
22 13 419
22 19 364
36 13 215
6 27 339
35 36 439
14 19 254
21 17 233
13 28 181
15 35 302
17 2 166
29 39 490
36 12 8
25 17 253
23 24 294
16 11 258
15 4 80
35 18 2
19 25 219
37 12 174
27 1 63
31 32 269
32 5 261
11 37 341
14 36 277
14 12 318
4 3 244
12 24 484
8 28 22
8 25 175
39 1 8
17 23 499
21 37 296
4 35 63
28 20 245
34 27 367
15 3 210
14 24 153
38 17 380
9 10 122
26 4 243
39 17 148
17 13 313
38 33 466
38 15 124
34 10 210
9 13 450
17 14 226
3 2 246
16 34 47
34 37 450
18 27 361
34 13 343
24 25 39
38 13 326
26 20 334
6 22 58
37 3 469
33 17 158
30 4 346
3 25 449
1 36 391
34 7 269
30 6 230
7 19 106
10 18 294
13 32 45
10 37 183
32 27 351
35 11 232
8 14 216
9 39 201
1 33 376
38 29 373
23 2 394
7 33 452
21 36 102
31 36 289
28 5 354
4 12 363
30 5 201
30 8 288
25 27 113
5 29 356
15 39 76
1 22 186
32 11 72
32 36 184
32 28 231
7 31 106
33 2 459
16 5 188
8 9 120
26 7 26
33 13 101
12 27 307
5 1 211
28 2 175
23 27 202
17 31 97
28 11 96
26 11 115
24 27 402
29 3 130
5 13 118
23 34 413
33 34 284
2 18 264
39 8 152
29 4 163
7 32 496
36 29 412
8 20 42
4 20 470
22 18 295
16 18 49
6 18 461
9 37 195
16 39 494
33 6 81
14 3 402
23 35 441
10 35 40
5 8 342
19 38 409
7 39 153
23 12 400
35 39 258
10 39 344
16 10 102
37 8 217
26 31 32
30 15 113
39 38 67
13 25 195
4 18 500
3 26 75
36 9 26
34 36 200
1 37 407
31 37 157
13 37 453
21 9 190
5 27 278
30 1 349
39 18 239
18 19 348
1 14 487
14 16 78
2 29 375
10 24 455
7 27 186
7 28 248
24 16 225
15 19 394
21 15 161
7 3 284
39 33 54
19 24 464
19 35 378
37 25 370
7 9 486
19 10 116
17 12 421
11 38 157
30 16 334
6 24 302
30 23 129
27 30 251
26 10 337
23 1 402
13 2 406
37 7 251
21 6 244
5 23 181
28 16 88
1 2 157
30 31 137
28 27 253
32 34 391
35 8 410
32 39 283
25 11 480
19 21 193
9 11 64
29 9 21
33 12 466
3 22 232
18 11 328
38 9 337
7 4 228
35 1 186
2 5 397
28 12 253
27 9 436
12 29 454
1 4 156
2 39 255
30 10 466
34 18 52
28 15 14
5 15 208
12 38 495
28 25 332
11 36 426
16 33 361
23 25 21
14 7 68
10 33 171
33 32 93
20 1 385
39 30 149
14 26 238
13 14 177
15 11 292
18 33 73
31 34 423
16 35 196
35 3 296
6 7 205
2 38 417
33 22 421
35 7 142
21 35 50
16 13 13
9 28 203
23 32 2
25 38 98
21 2 155
14 37 495
33 14 217
18 9 93
16 32 108
38 23 448
22 5 63
23 13 333
20 33 280
12 31 22
16 27 118
15 36 439
24 9 498
20 36 333
23 14 134
5 3 67
25 35 4
30 7 296
6 14 72
19 23 56
16 12 282
9 3 346
38 36 205
34 21 452
11 31 226
28 3 122
18 17 486
11 10 162
4 19 149
32 1 462
9 14 15
36 37 59
35 30 27
19 32 325
36 5 107
9 4 228
32 29 134
33 30 23
38 35 340
39 25 323
37 22 91
24 13 124
7 1 481
15 12 475
12 21 328
6 36 321
11 1 279
25 5 70
17 4 43
22 12 411
24 8 58
19 13 155
31 15 456
16 31 251
35 26 340
1 17 371
6 35 449
1 18 155
6 28 221
33 23 416
8 4 221
27 33 231
26 24 172
29 22 266
6 29 354
18 29 432
3 32 60
8 18 201
26 37 336
17 30 281
10 20 122
28 34 125
3 21 357
14 15 169
13 18 250
1 8 120
32 21 178
35 34 90
24 22 485
19 17 88
