157 36 490
18 4 441
14 11 69
24 36 433
27 22 233
17 28 123
35 9 221
8 2 338
6 1 472
10 31 164
5 16 28
19 15 313
33 13 160
30 15 65
14 28 289
12 14 149
29 26 408
12 36 430
13 3 215
33 18 303
20 25 268
18 36 26
32 25 178
12 1 9
20 35 472
23 25 484
24 12 483
32 26 34
5 25 306
36 3 319
27 33 209
29 27 340
13 6 361
15 17 159
10 7 120
3 31 218
17 7 79
12 4 275
23 2 74
14 29 493
7 12 152
1 31 491
22 21 316
22 17 131
20 16 368
10 2 115
9 30 92
33 25 234
1 8 97
7 14 397
12 28 451
22 4 301
21 18 493
10 19 129
29 11 24
5 34 125
30 7 320
18 24 195
3 23 394
2 11 165
9 23 435
32 11 374
23 1 396
21 13 383
28 27 403
6 4 156
5 17 361
2 3 326
8 26 340
5 11 236
24 23 248
2 18 386
31 21 378
7 34 45
24 33 342
2 35 412
25 31 229
25 13 401
11 3 109
8 17 391
6 34 463
29 2 282
34 12 368
24 5 211
14 17 179
35 30 117
10 16 500
5 30 241
10 23 272
5 2 226
14 13 382
14 21 367
22 36 164
2 32 267
9 1 193
24 21 135
28 9 395
35 8 247
36 23 89
36 25 89
25 16 434
17 12 158
11 16 340
24 14 282
17 21 220
35 28 357
31 9 455
31 33 212
12 3 147
8 29 274
30 25 216
11 13 164
1 3 407
28 34 272
25 8 311
28 3 422
5 13 148
5 28 33
21 16 197
28 23 278
20 29 336
29 24 430
16 24 207
14 22 355
26 7 465
18 5 281
22 19 15
18 15 290
9 5 466
29 34 419
15 29 24
13 2 373
12 9 265
20 11 112
22 18 98
21 9 182
20 4 370
26 35 233
36 31 144
27 17 106
34 19 47
34 30 112
29 1 146
13 18 137
28 31 83
36 17 308
26 19 389
22 23 347
15 28 13
5 21 216
6 10 304
19 12 360
20 31 289
35 4 419
22 10 479
2 15 152
20 12 64
29 3 226
