90 16 14
3 2 482
1 13 67
12 11 200
15 1 39
1 4 412
2 9 323
8 5 48
15 5 178
4 13 78
3 1 281
14 7 188
7 3 311
13 7 141
8 10 221
9 14 230
13 9 278
6 7 138
4 6 235
8 1 379
15 10 438
2 7 473
3 16 348
14 3 427
4 14 225
12 14 296
13 2 393
12 2 487
12 4 212
15 11 108
1 7 317
2 5 20
7 4 433
12 9 150
12 6 311
5 12 86
11 5 164
8 3 21
14 16 291
14 6 497
11 2 262
9 10 395
12 10 477
9 3 364
5 10 362
12 1 445
8 16 299
6 5 29
4 8 279
3 15 284
16 7 161
7 15 191
1 11 498
6 3 284
11 6 175
8 7 107
12 3 47
16 12 304
9 1 248
11 4 65
16 10 157
4 2 330
6 1 380
1 16 470
14 5 217
6 10 249
9 7 397
7 5 7
11 16 4
9 16 38
3 11 260
6 2 167
5 9 182
13 11 207
8 15 22
5 13 353
13 12 412
16 6 381
16 5 67
11 9 163
9 6 172
9 8 293
8 14 85
3 13 243
14 1 49
4 3 424
5 3 325
16 15 213
10 2 305
15 6 40
14 10 438
