776 46 11
46 27 135
3 12 240
22 13 264
46 14 144
41 10 75
4 16 344
37 13 217
20 1 184
9 3 24
19 43 155
32 28 65
19 12 396
33 12 163
9 2 499
29 40 116
45 6 266
15 43 460
27 33 69
6 3 149
25 1 382
8 44 355
37 40 97
4 18 154
13 38 318
29 25 140
20 30 194
41 9 225
36 33 291
41 39 206
25 26 289
25 38 180
5 41 178
16 13 325
11 22 314
2 5 268
2 6 255
21 24 482
36 26 389
41 28 169
40 28 92
11 15 114
18 22 445
13 7 292
12 16 317
17 9 247
42 43 174
13 10 170
14 8 15
28 14 146
20 27 434
2 41 120
39 23 420
3 26 303
45 12 168
34 46 63
15 26 441
38 34 302
41 43 430
25 35 480
20 33 213
42 20 306
19 31 97
34 45 190
34 15 384
34 21 324
40 30 478
21 12 120
22 6 157
37 26 354
17 36 160
28 42 156
36 32 164
26 7 365
39 44 104
39 2 211
30 24 92
5 38 240
28 30 126
12 27 487
34 30 431
26 35 207
37 2 242
18 29 448
40 17 211
23 18 255
28 5 140
26 33 493
30 41 23
17 35 228
2 18 369
7 28 195
2 46 124
8 1 128
2 31 128
6 26 32
45 22 365
10 29 356
20 34 4
45 27 401
43 45 254
46 31 229
38 2 407
46 38 490
30 33 500
25 20 264
44 12 479
39 4 190
23 4 254
30 29 218
31 5 188
29 43 291
32 2 160
16 10 95
24 26 281
2 35 172
5 1 178
4 3 142
17 2 211
8 7 174
27 42 146
7 24 365
34 28 404
21 17 493
32 18 129
8 21 132
2 44 216
34 37 189
40 39 216
15 8 103
29 20 86
13 23 122
28 35 465
28 22 167
23 1 459
17 26 196
38 28 1
32 13 185
28 20 184
31 6 194
36 43 308
18 40 9
9 32 425
20 7 253
46 40 351
18 28 320
15 20 256
22 44 268
6 33 123
26 21 19
24 44 156
39 22 71
34 24 333
2 22 104
37 5 108
37 9 489
37 4 453
35 27 171
40 16 22
17 1 53
31 27 239
17 34 251
35 1 396
30 11 114
46 16 137
29 2 388
4 33 263
2 24 206
28 2 86
29 23 332
12 36 25
44 46 312
29 34 161
23 38 486
17 15 211
2 40 199
14 6 235
30 16 339
13 33 30
37 23 55
14 2 407
23 9 435
41 21 19
41 6 90
44 34 348
36 29 420
33 21 433
30 13 174
35 11 251
7 32 245
45 28 203
19 3 46
23 28 391
32 24 418
39 30 111
32 34 253
46 43 124
18 39 488
46 24 94
4 5 273
36 46 317
17 27 449
42 31 362
4 2 410
46 6 492
3 5 426
24 37 271
26 4 464
32 14 43
14 20 122
16 38 84
23 14 264
36 19 260
28 13 158
5 30 389
8 31 84
1 7 298
44 45 70
25 17 39
43 21 126
22 36 128
2 43 14
15 9 95
45 21 199
31 34 307
25 18 200
8 33 339
24 41 487
30 26 363
29 28 66
18 6 223
19 22 103
20 12 184
4 38 70
35 38 153
6 38 259
21 16 33
7 9 212
46 28 441
44 40 323
18 30 246
41 44 447
35 46 132
19 20 487
44 5 284
37 3 64
14 43 310
35 4 307
45 15 139
39 13 19
38 29 227
33 25 163
12 18 142
21 6 230
12 5 121
43 26 278
24 19 7
33 37 257
35 31 400
19 5 391
34 42 218
6 28 240
24 43 366
27 13 137
32 39 75
11 45 307
18 27 355
9 26 485
7 46 3
22 8 273
9 14 302
46 39 8
8 13 177
42 1 379
20 2 171
1 38 33
28 26 319
22 15 496
9 27 463
37 11 382
5 29 466
23 32 419
2 23 22
12 13 214
21 14 249
43 1 45
30 6 386
25 40 235
26 42 207
9 16 291
15 37 341
27 40 277
14 30 287
40 34 491
38 42 290
19 16 148
23 40 138
26 1 58
12 32 241
7 10 90
10 3 181
25 34 5
42 9 344
3 7 128
6 43 136
4 42 494
26 32 284
23 12 339
13 34 387
36 41 13
29 6 47
10 40 253
29 39 219
19 40 184
7 31 347
31 13 338
6 8 476
30 46 461
18 41 373
26 16 488
24 22 65
37 28 72
31 39 213
20 10 45
37 22 234
9 44 70
46 25 398
23 16 193
34 26 434
14 41 377
33 41 477
36 7 249
34 41 9
35 23 242
5 34 115
4 14 198
20 6 189
9 5 73
29 32 484
5 27 471
24 9 260
30 38 210
27 30 21
6 7 49
44 26 216
30 10 463
44 1 388
25 43 350
16 39 216
15 5 34
41 11 117
39 14 5
13 35 222
10 6 346
40 12 97
19 21 391
45 37 449
25 13 146
17 23 317
3 31 275
42 25 478
40 32 250
37 21 407
24 36 262
25 2 207
1 33 198
37 29 297
35 5 150
11 14 213
9 34 379
9 43 141
2 19 256
22 7 23
3 46 161
40 11 434
11 39 387
28 24 140
39 43 354
42 32 455
8 16 360
2 1 30
41 1 445
19 18 129
3 42 176
15 23 53
36 28 99
3 24 418
32 21 154
5 8 117
7 4 192
16 31 360
15 41 244
28 21 181
32 8 187
41 32 64
27 29 11
10 42 431
33 22 46
39 10 19
3 11 478
5 26 422
20 46 259
18 38 465
26 14 296
23 6 222
35 12 89
30 2 344
6 34 460
23 33 85
22 16 109
16 32 236
31 20 114
4 9 467
16 24 346
10 26 325
3 23 65
5 6 273
39 33 280
15 2 427
29 46 43
29 35 34
30 8 182
45 42 279
17 5 260
42 22 74
24 40 1
13 42 54
11 25 95
22 10 102
16 35 309
42 35 44
1 13 148
26 19 382
18 11 309
3 27 312
1 34 115
28 1 345
44 37 195
7 45 489
9 11 153
5 45 150
23 30 276
10 37 191
1 29 114
45 18 78
28 16 334
26 31 355
8 43 428
8 9 332
4 22 464
20 35 5
15 12 297
24 29 262
1 11 256
13 43 309
40 8 59
25 6 287
1 4 166
40 26 269
34 4 88
15 25 148
4 43 396
28 43 483
29 41 469
24 38 215
9 18 259
34 33 65
31 37 101
25 23 292
42 41 351
15 18 388
35 3 170
9 1 92
2 26 325
25 5 255
28 25 485
43 22 407
16 18 334
22 35 403
28 12 169
2 13 58
36 6 161
31 9 231
27 6 480
14 37 10
1 40 435
34 22 286
44 42 215
17 12 9
46 8 374
25 36 278
20 26 378
10 1 400
4 6 237
11 26 149
39 5 2
15 27 267
11 23 495
4 36 97
2 21 338
31 38 204
17 6 262
41 25 338
3 38 194
11 46 430
14 7 274
46 19 42
42 15 490
21 10 168
1 27 8
44 7 346
29 4 210
40 42 225
7 37 181
46 18 110
30 1 26
19 41 344
32 10 330
12 10 411
29 14 61
20 9 422
29 21 334
21 30 202
31 29 244
5 24 250
32 1 416
8 24 294
9 33 118
27 44 142
2 3 465
18 17 387
28 9 243
4 11 218
45 31 366
44 3 74
11 6 188
18 42 133
34 11 212
37 39 437
31 17 463
39 17 321
13 45 348
19 34 288
28 3 236
1 37 412
39 20 75
3 17 238
35 7 437
15 30 448
12 30 458
21 11 252
21 20 202
32 4 377
19 33 268
4 46 477
35 24 492
40 41 439
25 14 452
16 14 428
46 33 97
24 4 63
21 1 168
23 27 267
30 3 151
43 17 57
29 44 346
14 44 181
8 11 235
4 21 323
3 20 26
22 40 40
26 12 241
43 18 304
12 25 431
7 30 281
21 44 167
14 17 143
17 19 10
28 27 486
19 32 154
35 44 337
10 35 428
5 18 406
45 14 77
14 33 92
16 1 104
14 5 54
24 15 397
33 40 296
7 33 5
12 46 31
31 15 10
28 19 200
6 32 357
43 35 464
17 11 419
43 27 161
42 17 122
38 33 458
29 45 377
13 44 36
12 6 329
33 45 147
40 7 445
27 38 478
35 41 56
31 33 245
6 15 324
37 41 77
24 14 216
27 7 305
45 32 371
10 11 497
28 10 498
39 8 491
36 27 74
14 34 434
3 39 377
18 31 337
19 4 15
5 13 140
25 45 153
41 45 73
42 30 460
22 12 47
27 11 154
22 38 331
45 23 350
15 21 44
43 16 242
8 10 360
7 38 413
9 39 7
13 17 467
44 20 303
18 24 398
41 38 414
12 42 399
19 37 174
45 38 191
36 38 286
11 42 102
25 16 399
2 11 20
37 18 22
20 36 256
40 6 447
44 11 273
14 3 388
15 19 285
34 12 203
24 11 325
28 33 287
44 36 326
35 6 123
43 34 13
8 12 36
35 45 52
35 36 290
7 2 454
37 32 273
17 45 192
17 33 209
3 22 265
22 46 289
15 38 498
18 33 23
39 25 13
11 31 176
16 41 163
4 20 293
42 36 333
40 4 286
46 45 462
39 34 60
25 37 486
26 18 71
20 40 159
39 28 304
24 25 407
21 31 267
17 16 8
33 24 12
21 23 74
39 42 34
16 45 44
34 10 279
31 36 170
43 12 130
41 4 46
31 28 133
22 21 261
15 4 88
28 11 310
21 36 312
36 10 407
16 3 462
13 18 468
22 17 115
34 3 476
38 39 46
5 40 250
17 8 71
33 2 198
13 46 159
21 13 80
12 24 30
9 22 30
9 46 155
5 36 148
42 19 91
3 21 185
10 27 474
17 38 334
15 14 181
42 33 398
6 1 403
31 24 219
8 27 294
44 19 252
9 35 432
10 18 337
10 45 286
3 40 368
17 7 37
1 31 326
24 45 56
19 14 489
32 5 425
34 35 486
7 34 161
19 13 473
45 2 158
44 15 350
10 46 54
18 36 133
16 29 192
12 1 456
29 8 300
23 46 496
44 43 130
30 37 149
36 14 428
44 10 372
15 28 288
41 46 363
8 19 52
20 45 100
25 3 442
7 39 36
2 27 117
10 14 265
44 32 8
23 7 361
5 43 399
34 23 110
3 8 253
31 12 432
38 14 441
26 8 404
7 21 329
4 25 82
18 3 12
37 38 352
42 46 218
16 33 106
17 37 444
7 16 397
22 41 63
32 3 125
41 12 382
3 33 208
37 42 370
29 3 360
19 7 494
29 19 153
33 35 103
