203 29 444
29 14 154
22 23 337
24 18 46
4 7 339
29 15 421
23 20 286
18 14 375
23 14 65
10 4 99
23 11 260
6 26 494
18 20 246
25 10 357
2 18 462
20 19 331
17 21 195
17 3 202
9 25 72
3 21 478
14 13 481
27 28 110
11 21 483
2 20 439
11 29 15
18 29 281
15 16 463
19 9 193
26 19 10
21 5 289
4 8 481
14 17 262
20 27 391
29 5 11
7 15 31
27 19 113
23 28 208
18 19 38
10 3 172
7 6 226
26 8 105
28 22 185
23 17 103
5 6 441
3 9 284
10 29 314
28 3 205
29 9 378
26 12 161
10 15 466
1 7 248
1 26 238
20 11 345
10 9 398
1 8 445
27 4 100
7 28 414
26 22 369
22 13 37
13 19 341
28 12 97
8 27 110
5 2 457
9 5 104
1 5 256
13 4 230
24 7 47
14 2 304
16 1 58
26 25 31
3 6 416
14 25 72
14 28 333
5 16 489
14 21 449
1 6 359
12 14 146
1 24 46
8 14 121
23 8 495
22 29 379
22 18 389
11 9 90
8 9 399
26 3 12
7 10 398
24 6 98
4 6 477
17 15 271
22 24 214
20 22 453
20 7 167
20 8 181
24 11 390
3 18 376
13 2 393
21 9 220
26 29 51
11 2 412
23 19 500
4 12 231
26 7 161
14 7 134
15 9 10
20 14 106
3 20 478
21 18 349
12 5 149
14 26 294
20 28 304
11 5 256
28 17 424
29 20 107
27 16 288
17 18 95
3 24 455
16 29 371
12 20 156
3 22 304
27 9 353
12 25 185
12 7 81
15 5 407
22 4 127
7 9 227
16 6 488
21 8 146
19 8 18
27 2 112
13 23 380
16 18 443
16 10 111
24 12 117
16 7 399
11 25 58
15 3 43
7 8 131
5 27 489
2 19 365
8 6 453
11 19 352
25 28 244
19 17 278
12 1 87
3 27 148
27 7 394
28 13 295
4 14 11
3 2 299
19 3 260
3 13 216
6 25 95
17 11 307
6 20 280
17 25 50
16 24 118
23 18 374
7 19 289
24 25 442
10 24 171
16 28 426
4 28 319
13 25 31
9 4 215
20 21 352
3 11 146
5 13 120
17 2 497
12 10 115
13 11 376
19 4 497
17 16 118
17 22 362
16 8 265
21 6 150
26 18 491
2 16 459
17 9 51
10 18 341
14 6 10
23 4 110
29 7 353
13 21 115
26 24 92
2 9 133
13 27 479
20 13 68
5 17 48
1 3 16
9 16 3
27 14 53
6 18 473
1 11 123
1 25 3
5 22 134
1 9 334
21 16 312
27 29 286
12 2 205
23 9 299
7 3 487
15 4 418
8 28 108
27 25 318
