175 38 122
26 30 196
6 17 344
3 18 57
35 6 136
29 33 354
5 6 169
27 32 368
5 13 250
30 12 291
18 28 94
37 3 316
28 8 68
12 29 460
3 10 429
23 3 106
25 35 399
16 26 220
22 30 384
11 31 365
19 10 496
15 34 282
18 37 200
16 35 378
15 3 300
38 29 292
29 27 35
16 12 458
2 24 416
35 8 307
37 28 313
34 28 122
8 7 321
33 28 377
8 1 25
6 36 377
12 3 100
12 10 326
32 17 155
10 29 215
35 34 185
19 16 371
25 30 231
30 38 6
14 6 338
36 2 55
19 37 167
1 12 17
11 36 402
4 26 87
26 9 345
15 32 456
11 22 224
14 9 450
35 15 486
21 15 114
30 10 280
8 21 262
16 3 105
5 1 9
34 11 160
2 27 337
5 26 52
29 6 438
24 8 273
20 30 151
1 18 241
15 36 333
16 6 417
28 25 199
17 33 345
16 34 172
4 12 15
22 19 128
30 24 460
26 28 383
4 8 11
15 6 307
17 29 192
29 37 422
29 3 485
17 13 240
12 19 202
36 7 274
14 10 231
6 2 7
14 29 240
4 18 210
31 25 363
35 17 29
28 16 363
19 25 415
22 16 116
16 25 139
23 10 95
32 14 479
12 7 233
21 26 437
2 18 116
37 20 154
37 14 462
23 12 22
9 38 403
34 36 250
1 28 3
35 13 151
8 37 188
1 30 396
29 7 194
29 24 479
16 27 193
37 16 276
31 29 229
32 36 314
5 37 38
23 20 391
14 23 388
17 30 323
11 9 435
29 20 132
20 34 11
4 9 487
12 20 183
19 24 61
24 22 208
31 19 72
1 15 4
23 7 326
32 25 122
2 13 129
30 7 147
7 35 189
33 18 293
21 30 121
38 26 391
9 34 351
2 34 251
7 5 131
5 9 201
3 36 15
14 21 93
7 24 229
24 32 479
3 2 52
13 36 148
4 3 106
27 3 231
9 18 441
26 8 436
11 28 253
22 38 84
33 31 68
25 33 36
33 4 414
18 24 349
10 2 366
17 22 4
26 34 31
30 9 175
20 19 303
35 31 145
22 37 94
32 34 113
12 35 8
19 6 99
3 5 61
16 14 450
37 9 121
34 6 272
31 38 288
11 24 458
12 2 453
15 37 24
16 33 287
5 22 265
29 18 360
