615 41 30
6 36 10
19 3 324
18 8 371
35 38 206
27 40 2
36 31 375
35 24 109
25 35 200
6 32 383
12 6 201
1 39 410
21 30 412
9 35 338
24 31 278
2 22 10
3 24 477
3 29 223
2 13 247
8 26 101
23 13 122
32 34 312
25 32 147
6 13 323
23 36 216
31 15 69
28 12 323
26 6 169
8 2 482
35 11 111
28 27 133
31 12 436
33 37 187
34 38 45
41 7 108
20 10 157
26 37 314
3 23 161
36 41 236
24 13 143
25 26 279
12 21 8
4 25 237
4 27 320
28 30 315
7 8 16
18 5 290
27 26 400
24 12 277
4 20 85
17 10 249
39 12 132
7 31 499
19 23 380
26 32 15
36 26 461
21 1 243
19 40 39
33 34 295
7 40 362
21 11 282
40 38 452
35 4 244
2 12 322
5 26 441
16 13 476
30 27 251
30 41 205
4 6 71
28 10 348
9 1 31
10 31 92
32 1 2
27 14 146
38 33 385
1 19 179
22 9 11
40 1 361
41 17 32
34 24 280
40 22 154
39 26 280
17 7 427
11 12 177
16 37 350
1 34 20
24 20 172
17 35 144
34 8 157
23 22 390
2 41 421
26 12 485
38 29 346
5 23 351
16 31 229
8 4 260
20 28 123
36 1 75
7 20 289
33 29 122
23 1 247
37 2 256
4 3 59
11 27 405
40 3 46
13 41 300
30 40 443
2 38 263
41 12 442
9 34 369
21 33 38
27 8 152
3 26 494
16 4 399
5 37 429
31 13 82
40 17 453
3 10 290
36 29 10
10 2 222
19 9 178
41 8 110
2 16 426
17 31 424
1 6 227
32 2 246
39 25 218
27 9 8
21 2 423
30 32 450
25 23 328
27 41 25
30 26 377
41 25 181
25 20 431
14 25 207
39 21 385
5 10 152
41 3 397
33 10 458
6 31 63
36 10 122
17 32 401
33 4 256
25 19 71
16 9 151
21 38 141
3 14 173
5 25 425
29 26 291
9 30 455
23 4 271
18 37 263
14 19 390
13 17 158
38 28 458
3 7 455
5 40 117
10 13 155
18 35 283
35 29 423
22 8 305
20 35 33
34 28 472
39 9 463
6 23 344
31 9 266
18 10 104
30 10 260
40 14 200
22 14 217
7 34 494
12 40 265
21 16 384
41 31 307
12 15 242
37 23 416
19 18 20
16 30 424
18 33 61
12 36 327
10 41 222
6 19 363
17 6 465
32 9 279
14 1 438
39 22 234
34 21 76
34 14 69
7 16 97
16 35 20
9 24 211
33 19 217
29 20 109
22 35 426
20 16 145
22 30 491
28 41 420
24 40 137
36 16 348
22 28 212
40 41 379
40 21 476
2 17 448
33 3 90
24 39 136
20 37 493
36 5 424
24 29 227
15 27 497
35 13 233
27 1 457
31 29 334
41 32 90
26 16 234
22 33 45
34 11 445
39 29 29
11 19 302
8 6 407
21 10 435
26 33 200
9 17 156
13 4 473
14 37 368
28 15 464
17 33 61
7 30 46
18 25 201
31 35 480
14 18 302
8 16 491
30 4 27
1 13 411
32 13 91
34 15 249
8 12 244
28 39 132
37 11 382
39 3 200
11 36 254
25 29 153
8 21 204
35 28 365
11 41 104
21 37 272
31 33 442
29 1 179
35 19 468
4 37 114
29 18 493
24 36 84
37 22 68
11 7 160
9 28 155
32 33 9
11 24 479
5 3 271
13 40 126
4 32 210
3 8 54
41 4 298
14 6 113
5 28 385
28 16 255
11 22 16
18 20 368
28 36 31
19 13 168
18 26 189
17 18 195
20 3 368
15 32 23
19 12 159
15 37 69
3 12 137
32 37 260
38 11 151
38 7 166
21 35 184
10 39 280
27 2 459
2 25 272
39 34 217
10 9 297
7 36 51
14 33 431
11 14 245
7 1 469
5 4 393
11 2 147
18 23 205
12 16 293
26 15 464
38 14 142
20 23 228
18 24 453
8 30 5
31 32 428
31 37 325
19 41 124
28 4 246
6 34 317
36 25 214
10 25 99
13 9 87
12 38 301
39 6 363
10 38 496
19 26 339
19 34 448
24 26 339
10 22 228
30 2 373
5 2 79
19 27 86
38 30 363
40 33 498
31 38 20
2 1 14
24 15 438
14 26 8
21 14 471
4 15 255
23 16 439
3 38 245
34 20 338
15 40 74
7 26 391
18 39 112
3 22 415
32 7 242
18 41 290
39 5 161
22 38 323
19 29 87
31 22 485
8 39 26
37 30 263
13 8 444
40 25 199
10 6 307
39 16 339
2 9 461
24 6 334
36 9 109
7 14 416
5 7 108
41 34 283
8 1 130
13 25 27
12 9 250
32 12 496
36 30 224
33 13 24
4 2 143
34 40 31
40 8 322
34 25 395
35 6 161
10 35 498
1 22 261
10 23 280
20 14 217
38 20 361
19 8 176
28 26 353
38 16 278
20 1 465
25 21 274
11 8 475
24 19 106
8 28 378
15 23 279
27 16 93
24 21 148
38 15 317
12 27 296
16 41 189
14 41 242
32 8 395
26 17 341
17 4 92
22 12 105
39 2 75
2 31 36
17 24 50
30 25 151
10 34 102
13 21 103
21 31 84
23 24 65
2 14 163
1 28 376
3 11 12
9 5 479
7 19 101
10 19 455
30 39 294
18 31 375
11 40 133
36 35 495
35 8 416
22 13 3
30 20 17
34 3 67
14 5 190
16 18 56
3 9 301
37 28 409
21 36 4
18 27 96
20 11 117
33 39 115
16 34 208
13 30 211
16 10 220
38 24 149
39 11 116
26 20 411
2 35 110
41 29 314
39 13 162
29 16 435
14 23 459
6 29 159
20 6 440
31 19 343
22 27 12
41 39 228
23 31 291
34 22 390
34 18 280
25 1 455
33 12 49
10 1 476
31 40 251
16 25 154
15 6 104
18 15 168
6 11 246
37 40 421
5 32 115
15 7 6
14 30 203
20 19 227
9 20 203
20 41 268
27 37 251
13 14 63
2 18 378
32 36 134
33 35 152
24 1 421
14 32 111
33 25 473
23 17 276
16 33 340
25 7 454
3 37 190
29 5 205
15 33 144
36 20 228
23 21 135
9 14 146
29 37 136
17 30 73
7 35 369
30 29 448
25 28 185
6 30 100
20 8 190
10 12 63
33 11 67
1 18 248
25 8 365
11 28 20
11 9 226
41 1 192
38 5 304
10 15 120
38 18 478
39 23 189
17 16 306
17 37 203
2 20 202
4 40 327
38 39 8
33 7 491
19 37 72
6 41 493
36 8 192
39 7 379
35 40 313
33 6 34
6 38 330
9 8 100
36 22 49
41 35 361
16 14 177
15 2 283
34 17 258
18 6 384
35 23 248
8 37 127
15 21 194
29 34 8
15 13 315
12 29 25
12 5 378
40 29 181
28 18 110
15 5 54
39 37 262
3 18 175
3 36 142
8 14 133
9 7 483
24 41 114
18 12 122
23 7 440
22 4 211
8 10 243
36 38 91
22 5 282
14 17 321
31 34 267
40 16 259
3 17 218
24 16 28
15 29 419
8 5 250
38 19 93
14 10 243
26 9 107
17 11 386
21 28 460
35 34 167
17 1 366
41 37 447
33 20 66
39 31 102
20 13 237
36 18 72
15 14 454
19 4 252
29 23 492
4 9 49
17 27 500
17 29 383
26 23 274
34 12 105
30 23 185
30 18 187
13 5 137
32 16 280
18 40 382
11 15 268
13 7 86
36 15 458
9 15 246
37 24 60
14 31 422
23 8 178
36 13 179
20 17 496
9 33 14
32 24 93
3 27 42
41 26 430
31 3 251
7 29 326
22 16 183
8 24 132
5 16 180
40 20 436
5 20 289
30 15 326
8 38 292
35 1 66
23 2 118
20 32 2
21 20 81
21 7 383
2 28 206
21 18 249
37 7 206
35 26 469
37 6 444
41 33 151
23 28 205
35 30 190
25 3 276
32 29 57
15 41 396
27 34 402
6 25 24
20 31 104
40 39 64
28 19 20
25 17 449
26 34 369
11 30 272
26 40 153
31 4 316
41 21 214
28 3 265
4 38 472
23 27 17
31 28 275
5 24 109
37 12 19
30 12 434
36 33 206
15 35 317
13 26 149
