595 35 46
5 33 180
2 34 34
4 5 479
21 9 246
33 17 390
14 24 379
28 6 26
3 1 495
16 13 488
32 1 12
33 29 305
3 31 113
21 32 248
8 7 364
23 9 86
19 2 256
30 14 181
28 27 267
12 34 362
22 14 179
29 18 5
20 21 268
35 16 371
26 33 21
16 31 125
6 15 111
5 30 368
12 15 341
31 27 387
13 28 410
34 32 437
2 31 342
15 2 23
28 29 381
30 27 488
21 18 455
29 20 278
5 26 185
29 14 379
19 24 200
33 32 33
32 27 218
15 35 435
23 10 422
17 29 354
3 33 171
3 27 272
25 19 395
18 22 92
14 34 65
31 14 180
32 26 264
23 13 465
28 30 430
14 32 485
6 29 17
31 34 232
28 4 471
31 9 283
6 25 58
18 34 475
20 25 203
28 22 163
12 13 366
22 2 480
10 21 365
28 10 198
33 2 463
5 8 194
5 18 9
7 33 297
10 25 106
34 28 39
6 20 480
35 12 296
6 7 25
5 29 323
35 6 358
22 31 162
6 22 389
15 1 201
18 8 263
5 27 371
30 29 283
22 26 411
26 2 244
27 18 357
14 25 223
32 29 475
1 8 302
16 33 435
27 11 123
21 34 464
12 19 84
25 30 78
4 26 26
15 31 158
34 30 117
3 15 167
22 17 226
17 14 32
6 11 34
27 12 100
3 12 40
28 31 332
4 6 276
32 16 387
3 30 420
17 7 110
15 13 197
8 15 330
21 12 361
27 13 238
21 2 99
3 34 98
30 24 392
14 19 145
18 30 128
28 2 496
11 29 390
8 32 194
27 25 50
29 4 106
23 35 4
24 4 358
25 2 83
29 24 12
6 16 498
27 24 462
27 33 486
23 11 304
35 27 383
13 3 133
1 10 329
34 33 120
2 29 486
11 18 445
4 20 26
32 10 443
30 15 231
4 17 83
6 21 177
11 28 428
21 31 174
28 18 379
8 17 112
28 19 24
6 13 465
16 26 34
21 16 258
18 16 238
8 33 150
28 20 433
16 1 97
11 9 447
24 10 434
31 29 135
27 23 158
30 16 342
28 1 34
4 14 324
7 31 187
15 24 68
7 21 40
9 16 429
1 11 38
12 29 68
7 27 61
4 22 481
11 7 147
32 15 401
12 4 430
2 9 61
21 13 433
20 1 133
34 16 418
16 10 215
4 3 409
1 23 357
5 23 86
7 28 445
14 26 60
19 33 176
35 5 391
29 21 496
32 5 20
13 7 153
20 5 318
2 18 23
9 24 17
34 29 426
1 21 355
19 3 27
28 26 110
2 7 492
7 29 428
28 23 171
15 11 193
12 22 500
14 21 393
9 32 315
35 2 297
25 16 360
15 23 72
7 15 64
22 16 93
19 35 391
30 17 332
3 14 67
28 24 177
2 14 150
26 6 202
27 29 110
1 25 300
23 6 137
19 32 432
10 35 236
12 17 36
33 13 259
15 22 80
28 9 367
22 11 376
32 4 140
6 18 499
27 9 469
12 6 438
21 19 222
29 13 369
13 30 373
23 31 183
31 20 94
19 20 418
1 33 157
11 32 286
17 3 320
33 24 371
23 8 7
15 29 310
23 16 434
1 5 327
12 33 149
18 3 158
6 24 451
11 20 217
8 24 500
14 7 196
2 16 371
8 22 203
21 25 219
22 35 391
11 2 349
26 34 478
14 6 112
35 21 91
34 24 371
6 32 487
20 32 408
16 29 232
35 18 151
32 30 328
19 4 221
22 24 488
10 33 222
9 29 251
26 15 333
32 25 422
20 18 34
2 3 451
15 10 487
27 19 423
32 24 157
13 14 325
8 3 488
28 14 358
17 2 204
35 7 341
1 30 103
33 31 232
9 17 390
26 20 182
9 8 252
10 27 122
13 18 298
12 24 480
29 8 213
33 15 432
20 7 116
17 18 435
27 4 363
21 26 478
32 18 239
29 22 235
12 18 361
22 25 93
16 7 143
19 34 274
1 24 83
15 21 233
13 20 183
10 6 239
3 25 95
2 20 7
35 30 48
9 4 217
12 30 98
5 31 2
21 24 358
24 5 349
18 4 95
24 31 208
35 3 158
7 23 493
34 22 158
25 17 209
10 4 2
27 20 247
17 24 74
1 35 342
21 27 226
5 2 6
13 22 324
22 19 213
5 17 324
7 32 30
34 10 380
33 4 48
7 12 385
33 11 273
22 7 268
9 18 351
32 23 478
22 3 133
1 4 380
15 28 142
31 32 302
13 8 436
29 35 305
11 26 117
31 4 366
2 1 230
31 1 268
27 26 295
26 29 252
12 32 487
19 16 498
8 11 324
7 4 188
1 9 169
33 23 416
30 10 454
29 23 7
9 10 449
22 1 83
20 8 133
19 7 89
33 20 193
32 3 68
4 30 412
24 26 311
19 13 187
15 16 244
18 23 256
16 24 255
31 25 244
9 26 460
27 16 426
30 22 321
2 23 288
3 11 226
20 22 290
4 25 407
33 22 190
8 34 315
35 13 378
17 1 231
20 9 194
32 2 85
10 20 312
28 21 131
33 6 201
5 19 201
14 8 380
20 12 425
14 15 168
25 26 123
12 28 158
23 24 301
14 27 1
13 9 399
2 4 348
35 34 368
19 11 45
6 34 37
10 11 16
26 10 294
20 35 27
34 23 98
5 13 437
5 21 269
8 6 393
17 11 20
21 17 164
6 27 117
33 21 151
8 16 395
24 3 77
11 13 170
30 20 15
13 17 49
18 10 256
20 3 56
5 6 342
23 20 267
12 31 293
9 35 138
30 6 109
21 11 26
3 21 422
28 16 46
2 10 425
6 19 150
12 8 345
20 17 53
9 3 301
6 31 260
13 2 376
16 17 66
8 26 221
30 2 81
1 27 291
13 34 290
27 22 236
7 1 174
29 19 457
4 35 451
35 17 177
3 28 403
30 11 321
31 10 54
30 9 345
12 11 303
5 11 470
22 32 131
15 19 212
31 17 108
28 25 494
30 7 365
19 8 150
8 21 2
24 2 439
9 6 14
13 24 482
9 34 135
13 1 396
15 18 291
4 23 133
7 5 175
19 10 288
12 14 53
11 34 198
17 19 492
3 10 426
25 12 159
15 34 210
30 21 111
33 30 49
12 9 273
9 19 22
35 28 136
12 26 335
31 11 211
10 8 387
25 13 297
34 1 491
7 25 499
14 5 171
6 2 465
34 5 391
16 11 359
7 34 106
1 6 426
14 20 475
6 17 497
16 3 453
12 2 373
18 24 258
5 16 6
18 7 190
25 33 148
14 23 255
15 5 105
17 34 329
32 17 245
35 33 102
33 28 105
25 18 401
22 10 490
28 32 326
27 17 435
15 25 25
35 31 374
8 31 165
26 1 450
15 20 13
20 24 97
26 30 33
18 31 180
8 2 301
19 30 450
21 22 258
19 1 323
25 8 392
5 3 123
26 35 41
5 28 310
10 17 105
19 18 471
26 31 369
5 22 107
2 27 282
30 8 336
30 23 427
5 9 482
25 9 367
24 7 85
7 26 303
14 9 483
35 25 271
32 35 68
4 11 298
14 10 119
35 14 296
1 12 484
9 33 460
11 35 425
33 14 473
4 16 392
23 22 230
35 8 191
1 29 174
8 27 266
34 25 275
29 3 154
8 28 362
3 6 396
35 24 141
25 5 258
4 8 477
34 20 382
24 11 154
9 7 43
9 22 71
19 31 180
12 23 93
23 3 92
25 29 295
12 5 169
23 17 170
4 34 152
10 7 468
18 14 253
21 4 457
13 4 54
15 27 414
23 21 405
15 4 404
25 11 204
13 31 62
13 26 226
32 13 185
15 17 299
18 26 27
30 31 208
34 27 255
16 14 406
3 7 380
17 26 187
26 19 35
25 23 93
1 14 395
12 10 10
10 13 201
5 10 230
14 11 199
26 3 262
28 17 332
19 23 226
10 29 302
1 18 195
16 20 77
12 16 475
26 23 186
15 9 434
25 24 489
33 18 216
