990 45 65
8 33 81
35 26 66
33 1 385
44 14 450
33 22 26
11 38 441
29 31 400
37 34 454
37 1 81
9 16 259
14 8 241
17 15 452
3 4 15
41 3 371
36 3 182
4 36 227
45 11 355
3 26 342
33 35 312
44 11 181
21 39 460
30 1 167
24 42 288
12 7 269
22 11 342
17 6 454
8 24 197
21 33 56
14 37 200
14 11 101
12 44 380
11 3 37
4 24 125
9 40 440
3 40 169
21 32 176
27 29 361
42 35 358
43 14 71
31 38 61
10 7 9
18 35 334
29 12 448
8 40 32
38 26 302
13 20 236
41 1 305
40 11 463
31 42 295
26 4 357
23 25 137
22 6 230
35 34 249
27 32 315
36 33 181
10 42 161
12 38 44
29 4 432
38 7 66
4 2 365
7 13 105
3 30 110
21 43 26
17 13 32
45 37 36
4 6 134
16 1 221
40 37 211
30 43 123
1 36 174
39 37 478
30 6 309
12 42 449
22 10 2
12 28 139
36 39 18
9 29 46
30 45 281
44 5 397
21 44 218
18 36 128
33 41 336
3 22 222
17 37 225
43 44 422
25 33 333
19 45 387
29 45 223
15 33 203
1 26 411
28 40 440
11 4 19
13 43 202
6 38 34
9 23 256
39 29 237
43 6 267
18 34 417
8 27 177
14 1 235
4 13 326
34 10 267
30 34 120
10 11 366
24 14 111
33 14 287
6 5 208
9 19 493
26 17 179
10 41 330
29 16 283
27 10 499
32 38 308
35 45 248
21 2 334
2 11 494
5 15 138
25 30 124
24 28 318
4 42 237
15 11 499
28 33 465
27 9 295
30 10 290
7 21 330
5 22 496
7 5 297
44 4 445
44 28 36
43 36 151
7 1 302
27 28 73
8 37 85
13 40 167
6 21 400
2 29 499
30 11 423
33 4 499
3 19 4
20 18 295
32 25 59
25 34 118
14 13 193
33 13 35
22 41 117
29 5 65
17 34 308
10 33 418
32 29 192
41 39 206
10 43 25
8 35 159
15 28 41
31 13 80
39 42 387
39 23 340
8 30 130
21 30 258
1 40 192
25 20 440
22 4 201
1 18 163
15 40 493
10 37 42
18 37 61
35 16 244
10 36 402
25 29 47
32 45 497
22 19 283
21 10 289
2 44 342
1 29 428
1 8 500
9 21 442
6 40 136
20 39 158
31 12 284
19 31 483
1 10 475
44 6 374
27 21 192
43 4 145
36 2 69
22 23 21
21 8 283
17 7 344
37 21 10
26 27 293
3 31 114
18 28 406
13 19 152
6 19 135
38 1 327
3 5 337
45 27 108
33 20 91
14 16 191
14 34 2
19 17 380
25 36 85
33 42 86
24 23 75
9 38 329
43 45 437
7 36 469
28 14 353
34 4 98
31 20 91
30 36 229
36 6 252
16 21 101
2 28 270
40 30 101
13 30 444
17 1 356
28 3 151
36 9 103
14 18 36
15 39 385
25 10 42
26 20 69
19 33 205
11 25 139
28 1 254
44 26 253
37 13 190
9 1 155
39 30 478
6 42 244
33 23 269
43 34 235
2 32 56
26 43 487
12 17 83
3 17 59
5 18 208
7 4 365
19 28 10
23 42 493
7 8 258
16 6 51
30 27 174
6 35 496
40 17 417
14 12 455
7 30 18
26 13 273
32 35 176
18 43 289
5 31 393
19 36 358
26 37 35
30 29 344
38 40 156
44 34 242
17 27 36
42 41 254
39 40 34
6 25 17
19 29 143
12 5 366
29 13 7
40 26 364
27 20 178
34 15 430
11 42 11
20 38 4
7 23 29
21 23 305
30 5 259
29 33 26
28 4 482
2 42 443
26 18 165
30 26 161
3 43 483
15 12 445
24 39 470
10 8 205
39 6 209
31 32 236
31 6 469
5 33 100
42 7 16
33 17 109
12 30 324
15 31 88
1 5 410
15 29 311
6 12 414
16 26 317
15 2 95
38 42 238
7 15 40
8 36 461
15 16 134
4 15 83
10 31 478
31 26 493
45 2 391
8 20 16
16 8 230
38 45 377
45 4 364
24 12 22
9 34 40
32 5 313
22 28 310
36 34 480
19 21 321
35 36 407
32 30 167
40 21 98
16 11 105
11 13 158
14 21 270
31 9 327
23 29 455
14 45 484
12 41 316
11 5 233
28 36 89
15 41 321
27 18 453
21 5 442
35 17 261
17 21 465
4 40 142
31 25 154
5 23 98
16 39 393
1 13 419
8 18 476
22 35 420
26 25 78
37 27 45
13 42 137
14 31 454
36 5 436
21 15 373
22 20 117
26 7 199
41 37 378
5 2 309
38 13 367
33 3 229
40 42 50
26 34 479
37 23 460
2 31 496
25 27 384
15 44 327
14 30 383
5 27 229
5 16 304
19 39 141
18 38 155
27 6 163
19 18 448
14 40 110
43 2 284
25 24 41
18 45 477
41 40 108
20 16 250
7 44 88
2 3 67
24 10 60
30 41 249
35 10 53
6 3 138
30 15 321
43 19 129
40 43 470
39 5 235
20 45 268
20 36 145
6 10 336
40 32 319
28 31 293
4 21 284
30 35 39
13 5 38
38 28 479
31 30 420
2 18 31
34 7 242
8 5 45
17 43 371
43 15 107
22 21 490
38 2 388
5 45 319
2 23 227
11 17 315
2 35 375
28 17 53
4 23 240
36 15 367
6 18 444
36 16 95
14 25 167
19 14 335
44 29 324
31 37 289
39 32 382
13 23 420
34 11 193
14 32 81
37 15 405
5 28 469
27 23 371
4 1 60
25 16 274
24 34 357
12 45 197
15 24 473
39 38 374
35 12 467
14 27 484
20 12 448
9 12 229
1 35 459
34 45 23
24 16 330
2 19 343
3 45 309
29 24 93
44 16 372
14 15 123
44 45 228
19 24 89
18 24 468
21 41 249
32 44 455
2 37 153
22 32 291
34 32 105
42 44 176
19 15 312
7 24 12
42 18 41
31 24 427
35 38 392
20 17 179
9 35 150
21 11 396
33 2 147
7 9 347
7 20 440
4 8 318
11 24 390
4 32 100
19 8 459
26 32 57
21 12 303
44 36 288
8 34 248
9 22 341
24 32 278
38 33 463
1 39 438
37 5 308
35 23 213
20 9 169
34 2 289
4 18 280
15 1 398
8 25 389
41 6 387
12 3 331
27 4 243
26 29 350
42 45 239
38 36 397
33 18 466
25 40 425
19 4 426
23 30 173
38 30 370
24 6 226
4 17 195
13 16 121
43 29 358
7 3 139
3 34 157
41 17 45
20 40 78
10 16 500
33 37 492
35 13 245
38 41 242
16 43 200
9 8 213
28 29 297
23 31 478
17 42 8
5 35 167
2 9 174
32 18 185
5 14 306
42 28 404
37 24 459
18 25 381
24 44 30
9 41 368
9 43 170
37 25 54
29 34 302
3 15 480
35 44 74
7 33 190
22 15 1
11 18 252
44 40 127
14 35 234
34 33 416
31 22 25
28 41 134
3 27 402
43 8 468
37 16 453
4 41 86
22 25 214
15 35 188
1 24 145
38 25 242
36 22 302
12 23 92
33 9 123
7 27 240
36 13 147
23 40 131
16 4 327
30 22 208
5 34 210
24 3 316
12 32 171
35 25 68
24 38 307
21 35 374
22 8 479
39 13 38
18 41 478
8 23 274
16 30 205
29 6 338
16 38 486
18 40 186
30 24 493
3 14 254
14 10 199
28 11 207
38 34 458
33 12 423
19 26 14
15 10 248
17 38 396
37 6 66
45 10 483
2 8 58
33 40 433
32 11 264
5 17 362
23 19 244
36 42 36
6 23 85
27 35 176
2 22 26
35 31 217
45 9 445
37 28 338
31 33 81
41 31 90
10 32 143
25 39 284
33 30 44
11 7 111
13 44 45
41 34 48
38 44 192
15 8 384
25 3 319
18 7 92
34 6 351
22 14 244
35 20 255
17 22 14
30 19 257
44 10 68
36 24 179
3 44 175
7 31 165
13 22 226
18 3 175
13 8 107
25 28 172
7 28 235
6 2 106
15 9 238
37 42 415
14 7 402
17 10 417
43 27 459
27 38 166
41 26 157
27 22 108
13 6 422
41 36 482
33 24 146
5 42 84
32 7 229
12 19 234
39 11 26
38 21 35
40 2 144
11 19 466
31 1 305
9 25 425
27 16 40
33 43 55
32 8 379
21 42 357
39 18 396
1 22 170
16 40 400
13 18 207
17 2 376
12 8 351
20 43 57
2 41 483
25 17 8
26 6 223
45 22 405
39 44 456
36 26 126
34 31 328
41 43 259
16 19 405
22 42 59
38 4 211
36 21 141
20 41 356
8 41 486
35 41 277
13 41 25
34 21 115
31 16 383
44 41 27
4 37 77
36 12 24
41 45 295
38 37 126
25 45 131
35 29 476
1 27 19
39 12 225
32 36 243
22 44 445
12 2 50
9 28 413
4 35 26
20 15 219
20 5 34
7 41 299
20 4 399
39 14 75
25 15 110
16 17 41
27 24 217
33 16 497
17 9 153
26 21 34
1 42 346
9 13 368
38 29 103
43 38 112
26 5 300
13 45 130
32 9 312
31 39 9
25 4 232
19 27 280
14 9 463
12 25 201
4 14 342
15 45 434
1 32 154
3 38 248
29 11 451
3 35 196
30 2 71
7 19 216
18 29 214
4 9 307
22 18 193
3 9 289
26 23 115
1 25 44
28 13 431
20 23 500
31 11 215
12 11 65
23 28 283
19 32 189
22 34 360
27 39 59
25 41 24
17 44 77
22 39 77
2 1 120
42 8 361
25 13 365
26 39 263
12 22 321
6 20 76
20 28 428
42 34 393
23 45 70
3 37 88
43 5 98
3 29 487
34 13 66
13 2 130
21 45 472
42 43 487
21 20 357
14 36 464
29 42 30
14 42 302
22 38 107
35 7 293
30 4 171
42 15 128
7 16 412
30 37 448
19 5 269
3 21 141
10 18 360
43 22 410
22 37 25
43 1 487
31 17 476
45 1 375
36 27 260
34 16 388
29 40 341
7 2 69
3 13 156
26 2 94
9 44 47
28 34 343
44 30 387
33 44 181
20 32 22
32 42 138
7 22 262
36 17 468
22 26 37
28 39 72
38 10 107
5 4 240
13 15 425
15 38 317
5 9 480
17 23 222
45 6 380
6 1 148
31 44 354
12 43 476
28 35 391
32 15 238
42 25 309
43 25 224
37 11 248
1 23 30
6 32 481
23 44 168
37 20 318
12 1 240
18 16 287
40 45 62
13 12 201
23 34 238
38 23 164
41 14 300
8 6 407
17 29 214
34 27 152
17 32 336
37 36 301
28 30 211
5 38 104
39 8 106
10 4 195
17 14 495
20 42 210
1 44 249
9 37 89
40 7 197
10 26 311
29 10 61
19 35 117
10 2 133
21 29 186
44 19 64
24 13 238
33 39 127
4 31 492
44 37 360
24 17 426
18 17 67
45 33 465
24 20 234
4 12 478
19 40 166
18 30 250
18 21 216
40 5 267
1 34 152
11 1 336
32 16 297
45 36 34
21 31 226
5 24 57
27 12 215
25 19 153
42 16 166
4 39 90
20 3 36
27 13 296
19 42 338
2 16 194
6 14 144
44 27 360
6 15 48
10 5 11
26 33 428
11 20 155
3 16 239
14 29 103
43 31 311
26 45 287
18 31 444
22 16 407
33 27 443
31 27 246
11 26 216
8 26 335
35 39 195
24 26 449
25 44 128
12 18 317
41 19 28
23 10 195
6 7 151
34 39 263
24 41 24
8 3 346
44 18 111
27 15 473
11 8 105
33 11 123
38 19 293
37 43 323
17 30 98
30 9 439
33 6 38
11 36 322
29 36 258
28 45 123
8 29 304
30 20 135
29 7 227
42 3 93
23 41 115
27 40 214
25 21 340
29 37 76
28 10 152
9 10 479
17 45 440
14 38 285
23 16 29
39 17 349
21 13 294
37 32 418
25 7 216
43 32 353
28 26 455
23 36 420
20 2 173
28 43 8
29 20 40
26 15 26
9 11 158
16 45 157
45 39 494
45 8 372
24 40 39
19 20 63
11 43 272
40 31 485
7 43 473
31 8 309
9 26 209
43 35 43
28 16 95
7 39 416
7 37 273
19 1 214
18 9 248
11 35 149
23 3 440
42 26 171
34 19 403
23 11 436
32 3 144
5 25 98
8 17 398
14 20 344
24 22 76
27 2 201
22 29 132
12 37 302
3 39 305
38 8 285
23 32 287
16 41 319
34 40 253
35 24 262
10 40 150
3 1 270
23 15 344
24 2 60
12 26 84
32 28 122
32 33 402
24 45 8
16 12 460
31 36 15
14 23 93
39 43 456
10 20 50
43 24 339
37 19 350
7 45 141
41 29 87
40 36 53
42 9 335
13 32 280
2 14 84
10 13 139
11 41 11
10 19 498
23 43 444
23 18 445
27 41 341
42 27 239
40 35 186
12 40 149
18 15 271
45 31 90
30 42 387
14 26 66
32 41 216
20 44 38
1 21 341
41 5 139
20 34 144
37 35 201
22 40 319
10 3 433
8 44 29
2 39 98
12 10 291
2 25 422
28 8 342
20 1 376
11 27 341
24 21 399
28 21 142
9 24 36
9 6 339
10 39 396
28 6 348
12 34 210
9 39 488
6 11 492
