810 47 255
24 45 156
32 30 128
27 8 86
20 37 249
29 22 14
9 39 150
32 38 363
22 8 392
24 46 104
10 33 385
46 38 189
3 13 61
2 6 49
32 4 184
6 43 348
23 4 241
13 11 410
10 5 324
9 20 210
13 4 261
4 22 45
37 21 172
7 35 112
40 4 43
6 10 103
38 2 471
39 36 224
8 7 59
37 34 28
28 19 383
16 22 452
25 46 228
3 4 376
25 8 339
34 46 104
29 9 312
22 9 117
21 14 226
2 33 49
18 17 137
7 44 254
15 25 425
41 27 177
3 10 364
17 27 52
44 2 418
17 19 411
14 1 237
40 30 388
6 37 48
40 8 237
38 40 150
43 15 466
34 17 320
33 35 178
1 27 465
21 46 85
34 35 429
43 26 137
19 39 445
14 36 47
30 35 127
18 34 473
18 32 251
28 37 151
33 20 84
16 18 341
47 39 300
23 6 172
21 35 182
31 18 131
43 34 388
29 4 490
33 38 370
15 46 91
38 13 238
24 11 317
11 19 74
28 9 200
43 47 264
32 6 310
44 9 315
23 39 365
45 8 24
3 15 25
43 33 128
30 9 134
11 7 418
17 11 233
40 42 101
40 17 191
7 34 92
47 36 439
26 29 420
44 32 342
36 21 345
22 17 449
17 30 273
27 13 63
18 36 238
9 17 89
36 24 159
27 24 273
42 13 105
45 43 269
12 8 484
9 4 490
14 20 300
16 46 397
33 9 303
19 6 419
45 33 469
41 26 102
16 26 358
1 19 396
15 44 104
17 13 381
22 41 340
45 19 4
42 44 483
29 42 31
41 25 124
46 17 355
17 24 159
12 33 286
45 35 415
25 39 371
39 5 248
6 20 383
9 15 220
34 41 80
7 19 331
21 23 176
27 34 86
45 23 244
35 3 463
30 13 166
39 33 246
45 30 50
16 28 298
24 23 481
44 1 161
17 36 328
45 20 267
2 3 462
42 38 284
20 22 292
3 11 115
11 47 353
37 29 426
42 21 128
14 29 39
8 31 465
6 39 255
5 25 414
47 12 235
24 2 360
18 21 289
14 43 404
6 45 322
9 47 151
13 20 314
13 6 361
22 6 295
40 41 478
33 13 417
31 39 79
16 1 420
30 11 88
10 36 364
12 42 373
5 41 319
19 27 342
34 14 149
26 18 41
34 4 277
43 19 190
5 26 288
33 4 18
47 14 325
4 14 198
23 42 404
19 29 156
23 44 470
6 42 174
8 16 201
25 17 408
11 28 297
46 4 190
21 39 97
23 35 154
10 42 206
4 18 187
3 38 43
16 38 244
12 15 398
35 17 495
33 5 71
5 31 75
47 3 305
32 22 227
43 23 204
20 38 266
4 24 112
14 9 72
43 27 184
2 28 426
28 41 290
5 17 84
46 14 138
3 41 13
41 35 476
1 17 101
3 42 209
28 13 355
15 14 245
45 29 330
36 45 186
23 38 195
26 46 1
16 12 86
24 33 106
40 44 190
10 28 182
18 27 350
38 17 182
23 20 397
43 31 3
26 27 246
28 1 329
21 45 328
45 31 499
29 8 431
10 32 337
33 8 249
39 44 211
35 39 109
37 47 489
18 46 355
47 24 236
10 38 434
42 27 337
42 11 399
40 29 206
11 26 265
29 11 132
29 2 202
31 38 373
46 35 217
45 44 191
6 31 53
36 13 371
26 12 490
5 35 371
25 9 493
14 13 259
41 7 67
34 30 464
23 32 251
8 21 56
18 11 74
22 34 195
8 24 390
28 31 259
4 42 364
20 26 79
47 32 233
28 23 380
40 20 382
15 41 275
33 34 1
20 36 98
28 26 389
16 47 436
25 20 449
23 46 162
15 11 123
20 19 384
13 8 474
15 4 5
28 39 155
9 23 435
3 32 79
44 16 12
1 43 363
31 19 191
1 35 146
42 37 252
30 29 336
45 18 346
19 2 8
39 11 242
41 24 322
6 41 3
41 39 391
14 16 222
41 19 46
39 12 359
34 36 46
25 24 276
32 46 437
27 38 436
34 38 415
23 14 204
47 29 333
4 26 500
26 3 297
8 32 259
8 19 246
40 2 154
19 26 451
20 16 384
46 12 487
18 43 302
44 14 435
21 17 241
3 25 491
43 24 400
8 15 421
33 28 119
7 24 341
18 6 499
16 29 215
17 37 465
30 1 231
15 21 245
43 32 220
16 4 357
47 4 61
29 3 84
10 17 241
6 28 225
9 26 253
15 32 388
17 28 91
33 11 318
28 36 132
32 2 365
1 36 64
5 18 48
46 22 384
38 25 312
18 30 401
29 25 208
40 31 189
17 16 458
1 34 283
46 43 440
29 24 168
7 25 256
13 39 404
14 42 114
33 3 80
47 45 381
37 13 38
45 28 22
20 42 423
11 37 15
41 21 164
30 37 376
5 46 11
9 2 454
37 39 49
18 38 411
6 30 222
25 42 432
46 9 222
20 41 295
33 14 193
2 12 492
17 42 387
32 27 28
40 16 7
28 43 21
16 27 236
36 9 456
25 14 150
35 20 181
27 33 465
13 44 182
37 8 71
24 26 279
10 26 158
15 17 420
2 4 92
20 43 96
24 15 335
16 13 193
8 28 381
2 34 91
13 35 495
20 24 134
17 2 475
24 37 274
33 37 111
19 33 273
47 2 358
46 42 305
20 18 16
14 28 10
7 47 67
45 12 153
38 21 336
18 24 121
35 18 172
41 38 2
22 7 108
30 26 310
13 43 158
9 8 346
25 33 116
28 5 481
7 20 174
22 10 138
7 16 53
33 41 356
12 23 210
31 32 176
20 5 173
38 39 141
46 6 304
22 47 83
19 24 93
42 35 500
5 7 288
22 31 408
31 16 160
15 33 153
2 15 165
44 4 466
4 43 99
4 8 58
18 25 450
45 15 116
28 29 489
12 34 93
24 22 246
10 20 14
24 32 127
37 19 3
30 24 198
27 6 299
37 38 20
5 21 154
11 38 156
13 19 102
43 5 58
23 7 236
17 47 401
38 36 161
44 26 102
26 35 414
19 5 466
7 21 18
35 12 415
5 23 158
23 2 484
15 37 218
20 17 134
16 19 53
37 18 347
7 1 207
14 27 462
36 27 168
26 1 293
19 36 186
10 31 218
8 23 425
17 41 228
40 15 4
45 39 120
35 36 60
42 2 454
1 9 72
42 39 228
31 2 444
15 1 362
26 6 12
8 20 85
8 38 192
7 9 87
22 44 230
11 32 108
6 38 382
17 23 228
44 20 101
5 4 437
27 45 310
10 24 41
44 21 280
29 33 288
40 33 24
15 29 497
45 13 201
34 47 475
29 41 110
37 46 425
20 34 374
22 35 364
2 45 380
11 23 448
39 20 42
11 6 269
34 24 167
14 40 462
11 40 93
5 14 401
29 46 383
31 30 79
8 3 278
30 38 324
31 36 432
8 44 295
40 19 456
38 29 441
46 39 105
28 12 395
25 31 279
31 7 479
19 46 390
21 29 310
33 16 421
21 47 489
2 46 332
47 46 167
31 35 395
7 29 432
33 36 306
35 43 189
25 44 351
19 30 39
35 47 473
14 41 79
34 21 31
16 36 423
1 25 491
36 23 303
8 6 101
22 26 346
37 41 358
19 25 470
36 4 55
16 5 241
26 40 148
7 2 40
24 1 262
22 5 61
1 31 278
12 30 493
31 20 474
31 46 492
40 36 97
26 33 179
32 21 256
27 20 309
4 17 83
7 26 300
3 37 290
3 27 25
7 28 466
5 8 221
20 1 180
41 44 337
12 6 295
9 31 454
45 37 477
43 22 411
44 31 342
36 3 85
42 43 233
2 27 32
3 23 55
30 27 286
21 26 126
7 13 328
2 20 42
21 31 208
32 5 25
40 47 357
46 3 194
40 37 456
11 43 195
44 34 81
6 29 170
33 22 468
30 21 22
9 34 416
8 11 196
27 10 497
28 18 147
18 2 246
1 10 297
6 44 236
46 1 71
8 10 178
8 41 227
25 13 76
23 29 81
20 29 179
39 24 398
11 16 498
3 12 258
16 42 227
14 8 66
30 15 24
16 21 322
36 8 352
14 3 484
6 17 125
13 40 458
46 10 62
25 6 408
21 9 282
30 39 337
34 11 186
12 21 40
40 5 328
24 35 470
7 18 272
43 12 327
6 1 304
5 2 392
33 17 269
8 26 194
32 37 496
1 21 335
39 15 106
42 31 212
43 16 285
28 38 386
28 21 234
21 43 246
36 41 383
40 23 22
23 25 424
39 10 334
3 31 364
14 19 29
11 46 189
19 42 340
22 36 439
40 46 346
11 44 337
45 1 390
1 3 335
20 32 65
24 31 327
20 11 324
40 27 59
39 2 51
26 32 68
46 41 126
41 4 444
29 31 107
18 13 108
45 16 52
45 26 83
43 3 150
47 1 468
13 5 475
34 45 276
5 44 213
43 2 393
1 37 439
12 10 419
43 25 393
18 8 57
1 33 254
8 30 242
21 27 495
38 47 390
14 37 292
45 22 55
37 22 249
23 27 266
15 38 389
7 12 285
6 40 327
47 42 380
36 37 45
16 24 92
39 3 228
30 46 34
40 18 346
27 12 89
6 7 415
17 39 36
15 34 421
31 15 71
22 42 413
24 14 465
45 7 353
16 37 448
37 35 345
25 37 95
12 36 379
25 30 24
38 24 320
29 36 222
28 4 15
12 19 368
21 25 352
23 10 315
22 30 172
42 41 103
42 1 224
43 36 465
34 13 207
31 34 204
11 35 485
36 2 254
10 25 139
40 12 4
41 32 463
38 5 331
32 35 157
14 31 40
17 43 296
38 22 46
6 36 36
44 12 93
35 44 218
23 47 267
3 18 458
10 35 262
37 7 109
29 18 500
39 27 123
1 38 327
38 44 130
6 5 312
40 9 379
33 7 326
37 4 431
28 20 383
30 20 310
15 7 48
2 41 143
26 38 109
21 11 417
32 12 283
32 19 36
31 11 280
39 43 267
10 41 133
16 23 50
10 7 26
23 41 77
12 29 25
40 45 212
6 47 388
35 28 186
22 21 275
41 43 305
39 26 25
1 32 320
8 35 140
5 1 387
24 13 107
37 27 391
29 34 313
27 25 496
33 30 388
32 13 260
13 31 225
10 14 157
21 24 140
41 13 404
20 12 284
3 21 180
22 15 201
22 1 406
22 11 161
10 11 304
14 17 401
38 45 284
47 25 265
45 10 304
3 22 451
13 21 444
24 6 428
21 6 362
12 18 484
42 26 377
22 25 52
4 21 33
15 18 261
40 21 436
46 13 232
7 4 91
46 20 272
16 41 116
3 34 473
28 42 193
39 34 101
1 8 295
39 4 500
18 23 15
4 10 193
2 11 65
23 33 139
5 15 337
12 14 434
46 36 122
37 5 415
47 30 168
5 30 239
11 41 315
47 33 10
16 35 310
