85 19 138
11 13 439
1 3 480
4 10 455
12 5 99
9 10 393
15 13 469
7 18 464
19 5 340
4 16 273
14 10 26
11 8 487
5 10 16
19 7 108
6 14 295
4 5 234
4 18 407
2 17 40
3 5 234
19 12 34
9 13 243
19 11 49
6 8 95
7 5 248
9 8 468
1 5 183
19 16 441
9 5 486
3 6 241
2 19 265
6 9 226
9 3 245
5 6 314
15 1 497
16 1 39
8 13 279
11 12 154
17 11 197
9 4 482
5 16 129
5 17 297
4 19 7
11 14 96
19 18 313
18 16 214
3 17 88
16 6 94
9 12 8
18 10 317
1 13 430
14 2 221
18 5 174
15 9 491
3 14 240
1 4 225
19 14 152
19 1 26
18 11 401
13 19 260
2 8 13
2 9 162
11 15 107
18 14 179
5 11 84
11 10 129
10 16 217
3 19 442
14 1 417
15 12 145
7 10 127
6 2 476
14 17 183
13 10 363
14 5 203
12 6 250
17 16 287
9 11 260
13 5 40
8 3 236
7 14 126
2 12 256
15 7 17
15 2 481
7 8 311
10 2 334
13 6 474
