325 26 6
16 6 429
16 7 190
6 23 51
3 14 398
5 24 395
22 8 121
18 3 229
17 10 292
2 10 428
25 18 462
2 22 326
23 1 451
15 3 386
12 8 250
18 23 347
13 9 2
14 25 205
1 17 247
7 17 234
3 10 394
5 13 342
13 15 25
12 6 423
14 22 377
5 23 369
5 2 50
2 3 455
24 17 27
8 16 418
21 24 412
9 20 123
2 16 200
2 23 373
15 12 404
16 18 327
10 20 285
24 1 477
22 9 76
20 3 372
8 9 64
23 15 490
24 14 36
3 17 427
26 17 52
20 17 26
7 10 286
16 14 188
1 18 381
8 15 46
26 6 367
21 26 41
25 15 313
5 26 22
7 11 476
18 15 268
8 23 468
24 13 278
20 12 40
17 9 166
7 20 403
10 11 251
16 13 318
14 2 257
11 25 307
6 10 498
25 26 191
7 3 422
21 18 307
2 11 277
18 22 500
5 6 262
21 25 106
9 21 410
21 23 268
21 10 314
3 22 39
26 19 46
2 18 312
17 18 442
16 11 29
21 17 323
7 22 97
19 16 14
13 6 293
26 7 193
21 2 52
18 9 257
1 20 167
11 22 498
17 23 363
21 7 446
5 11 455
18 20 81
24 22 3
5 20 158
25 3 234
22 19 35
4 14 331
14 19 112
9 14 365
8 4 111
21 13 281
1 19 147
20 25 11
23 4 229
23 14 157
7 15 374
8 21 425
13 11 197
2 8 481
26 14 377
3 21 275
23 3 80
23 20 87
15 22 424
1 7 477
11 6 223
23 13 206
8 10 24
2 19 155
4 25 304
12 16 443
10 24 301
15 6 46
2 20 331
10 18 87
25 22 166
26 4 40
10 15 30
19 24 166
17 13 93
11 9 84
1 5 432
23 11 235
11 20 360
14 11 88
6 1 70
9 24 286
19 9 216
12 17 381
12 10 260
19 21 54
22 20 462
5 15 462
9 15 175
26 23 338
26 20 88
16 24 333
17 8 451
3 16 75
20 14 336
8 7 427
18 6 444
2 17 418
13 4 68
10 1 207
7 19 389
7 23 418
25 9 484
26 10 423
21 15 83
2 25 107
20 6 212
11 19 405
25 6 68
12 11 322
12 19 424
26 16 389
21 11 477
2 26 331
15 26 162
1 9 460
1 11 371
23 24 468
8 1 312
9 6 496
3 5 101
11 24 382
22 4 390
1 2 153
6 7 98
10 9 378
15 4 293
4 9 494
21 5 4
14 6 446
25 12 237
14 8 60
13 20 275
1 22 82
5 9 266
2 7 239
19 4 499
16 4 448
21 20 157
4 10 462
24 8 301
3 8 220
3 19 39
7 24 418
7 5 261
13 26 35
25 23 327
1 12 29
18 12 447
3 24 475
3 9 443
14 12 112
22 13 371
15 11 108
22 23 371
4 24 344
16 17 53
1 25 401
9 12 206
21 22 3
14 5 272
26 8 114
24 25 146
12 2 54
16 1 245
8 6 386
4 17 164
11 18 110
11 8 265
17 5 87
6 17 403
14 13 219
12 21 98
21 16 384
2 9 49
10 5 245
4 20 427
20 19 462
4 7 498
20 8 447
5 16 289
4 21 255
5 22 244
12 3 204
14 18 2
4 2 160
14 7 276
14 1 43
1 15 252
26 11 326
18 13 170
1 13 4
3 1 71
1 21 255
1 26 182
13 2 470
10 13 97
12 24 84
6 4 348
16 9 211
4 18 164
19 17 96
5 18 252
24 2 135
14 17 243
26 18 114
5 19 481
8 25 26
11 3 271
12 26 116
12 23 157
21 6 45
19 6 19
24 26 227
4 3 210
22 10 484
20 16 13
26 22 201
4 11 180
13 19 250
26 9 479
13 8 478
10 19 223
24 20 39
22 6 223
7 9 335
18 24 288
25 10 42
5 8 116
2 6 467
7 12 248
12 22 144
15 16 484
15 2 195
19 23 44
14 15 90
10 16 178
12 13 456
5 4 78
12 5 155
16 23 280
4 1 35
3 6 125
4 12 161
5 25 88
15 24 75
8 18 249
10 23 296
9 23 352
25 16 479
15 20 102
13 7 205
15 19 139
8 19 271
26 3 292
17 25 457
7 18 404
19 18 70
22 16 63
10 14 100
25 19 499
14 21 233
17 11 406
15 17 452
17 22 61
25 13 51
6 24 148
3 13 383
25 7 196
