499 37 10
10 29 342
16 7 76
11 14 377
4 29 487
11 18 88
27 37 15
1 34 120
22 8 129
12 4 307
6 5 128
3 5 416
28 5 293
27 8 225
19 27 154
13 15 308
10 26 367
24 14 360
33 16 231
19 30 58
6 13 318
35 6 32
7 14 230
34 14 79
7 10 372
13 14 247
18 13 227
11 25 347
37 9 487
8 21 182
27 25 313
15 4 212
26 27 484
31 23 410
25 20 472
28 1 70
34 36 170
5 22 311
34 26 330
24 8 125
6 16 148
19 28 102
33 13 223
16 24 216
17 21 457
30 34 73
37 14 127
9 8 52
21 14 376
31 24 499
4 13 217
23 12 226
6 9 301
15 11 439
26 35 154
14 33 245
18 2 362
30 31 236
22 11 67
6 12 101
30 24 400
6 23 407
17 5 23
20 14 108
3 29 152
1 27 437
35 1 55
2 31 434
11 8 77
29 15 286
11 10 44
25 37 436
5 26 63
29 6 340
18 8 310
27 34 235
28 35 303
35 4 315
11 35 451
35 27 201
20 36 378
14 10 27
29 22 498
16 3 314
9 20 157
19 4 25
15 24 257
29 17 1
17 4 212
23 28 267
13 32 320
22 13 45
31 8 478
7 11 145
25 29 468
34 23 52
18 26 53
35 2 91
1 19 437
6 24 297
17 3 419
28 26 333
30 17 376
11 17 449
14 3 196
3 2 492
11 20 7
22 24 193
15 18 189
25 21 151
30 37 471
36 17 337
1 25 112
7 12 466
8 30 468
3 24 329
36 18 223
17 6 31
14 35 361
33 9 345
8 10 407
36 31 203
31 17 315
6 11 413
25 26 33
3 30 311
21 2 113
32 30 395
34 35 332
31 37 14
12 9 457
28 32 147
31 27 115
32 7 313
25 9 43
5 25 446
14 26 169
9 34 68
11 1 366
33 2 77
12 13 16
30 13 360
3 36 12
31 35 50
24 2 433
9 24 368
37 33 311
11 9 453
25 12 129
36 33 351
7 18 32
19 13 248
22 9 441
29 16 80
17 13 280
34 13 136
12 5 28
8 33 165
15 34 341
14 1 365
5 30 31
12 34 178
15 8 149
7 9 89
20 12 60
33 22 50
3 27 174
8 23 34
27 12 43
1 18 449
2 34 499
23 21 374
22 32 108
19 3 226
19 33 452
13 25 284
33 4 10
6 10 45
18 4 278
17 16 414
4 9 478
12 32 64
15 6 366
34 31 98
18 10 431
2 16 243
37 34 153
2 28 294
25 16 366
14 12 120
12 36 169
21 7 255
11 26 224
29 2 289
22 30 51
29 26 331
14 27 350
32 35 73
34 20 375
11 19 91
36 26 22
31 16 361
32 15 497
12 21 110
31 9 97
5 4 129
18 35 451
24 28 112
25 36 57
23 29 96
2 7 333
19 5 405
18 29 57
18 3 261
1 8 117
34 17 9
25 8 259
6 1 432
16 14 405
36 21 202
8 32 429
34 16 457
28 27 189
3 35 137
10 3 253
32 19 411
19 10 22
6 4 316
9 3 371
1 9 305
37 20 34
8 6 137
1 24 262
21 30 397
31 22 355
33 34 69
23 3 303
21 26 423
30 1 479
1 32 157
18 16 456
12 26 304
24 13 138
1 26 327
12 15 406
19 23 155
4 28 54
15 26 128
20 7 267
36 30 408
34 21 106
21 20 69
19 2 206
26 2 59
21 5 419
15 10 191
22 6 123
24 26 486
25 34 289
26 7 103
14 18 136
33 21 167
2 9 213
24 4 124
19 29 437
12 31 146
22 26 16
31 6 484
5 27 57
20 32 232
2 30 351
17 19 435
10 23 356
32 36 477
37 18 211
10 12 171
32 16 386
12 19 60
33 26 157
33 5 493
36 28 428
12 28 118
8 12 382
23 17 26
14 9 239
4 22 109
3 32 319
35 21 139
27 24 145
11 30 310
27 21 437
10 30 167
30 6 351
3 37 100
33 27 166
7 23 448
18 6 356
13 16 25
17 35 429
12 29 357
23 37 457
37 13 106
31 19 121
32 10 85
29 9 441
22 3 21
33 29 294
23 24 418
36 16 18
13 29 383
33 1 45
7 22 366
37 2 62
14 17 171
18 12 165
36 9 223
24 37 210
11 23 178
15 35 90
20 24 193
20 33 365
26 31 109
25 22 193
5 16 422
29 32 337
25 23 310
3 31 223
6 32 133
9 21 159
31 11 93
29 37 448
36 7 75
3 13 287
34 6 438
9 15 311
29 1 229
20 8 391
29 36 87
30 26 260
15 2 115
33 30 266
34 24 169
1 15 39
26 3 344
8 14 8
1 16 491
8 17 308
22 2 227
14 15 144
33 17 450
13 35 401
4 3 463
1 36 217
34 22 132
16 4 294
23 9 310
36 24 210
12 1 274
28 13 282
27 29 64
12 35 438
36 4 56
37 7 39
6 26 405
16 11 395
22 19 380
13 20 464
14 6 190
11 2 437
5 8 149
4 10 309
9 16 39
23 1 302
31 1 81
27 11 288
35 19 471
10 16 245
37 17 360
20 35 45
17 22 181
19 7 10
35 16 282
5 18 481
25 15 437
18 25 79
7 3 488
35 24 243
22 35 53
20 26 73
13 7 264
2 1 95
23 5 402
17 25 276
18 21 103
14 30 366
5 20 280
14 5 26
9 28 317
18 19 467
16 30 286
5 1 243
20 19 472
23 22 351
23 30 285
37 5 308
19 34 310
20 18 166
2 36 125
19 8 234
24 19 424
29 28 431
10 31 77
8 13 223
34 7 344
32 37 234
37 22 500
19 15 368
4 23 169
18 17 97
15 28 442
22 36 407
21 10 309
8 37 223
30 4 474
16 23 385
16 21 110
37 6 335
33 35 109
30 25 195
30 15 377
16 37 11
20 30 393
28 34 427
19 37 371
17 10 271
3 33 306
11 3 205
14 28 497
4 11 72
9 5 234
1 4 345
12 22 194
30 35 350
31 33 493
33 15 120
29 11 477
1 37 195
35 25 166
16 27 118
37 12 311
2 4 77
14 22 220
32 5 313
2 6 288
4 20 323
27 23 481
21 1 74
3 20 453
13 10 362
32 11 205
6 3 122
19 26 106
12 30 412
36 13 307
14 23 275
4 14 194
7 24 172
37 4 144
2 20 274
11 12 451
36 5 398
8 28 12
28 17 217
23 15 500
15 3 334
26 23 147
24 11 55
16 28 258
1 10 341
21 24 229
35 5 349
4 31 470
28 11 339
32 27 310
31 13 487
5 7 350
9 30 161
27 7 6
36 6 100
18 28 352
35 37 356
24 33 133
7 33 446
7 8 335
2 8 391
24 5 379
4 21 108
17 26 433
37 10 377
34 5 209
