1081 47 288
41 14 234
4 3 263
26 18 240
15 34 218
27 32 437
33 9 153
5 19 455
2 30 180
44 34 56
27 11 242
26 5 364
47 1 73
26 32 2
23 40 91
3 28 287
11 16 166
16 47 339
35 34 34
44 14 299
32 22 420
39 44 101
2 40 469
20 46 165
44 40 134
21 12 57
8 4 238
22 46 300
28 38 72
2 47 286
23 13 181
7 23 307
36 4 23
24 13 49
23 19 103
4 28 228
14 27 421
26 25 324
42 8 407
13 12 163
1 3 257
2 21 182
11 22 61
42 22 223
21 45 306
45 3 257
32 1 448
43 25 167
23 20 5
17 43 159
35 43 17
13 36 373
22 24 381
13 1 129
6 2 273
43 27 118
41 18 395
23 28 481
19 31 93
18 14 336
47 19 46
11 46 402
2 7 478
18 37 215
30 32 102
19 45 251
10 7 134
40 31 71
34 23 471
31 18 243
16 6 164
35 1 182
19 16 237
32 47 73
34 28 1
18 24 248
26 46 158
30 47 347
43 32 411
6 11 338
20 2 178
21 25 6
27 42 32
21 13 115
39 42 103
37 46 293
27 26 355
4 22 451
10 29 315
41 39 21
12 18 59
32 46 243
18 15 303
16 37 391
20 31 439
41 35 158
43 45 12
10 9 398
34 32 187
15 47 263
30 20 357
17 34 440
15 46 399
36 33 66
47 8 103
1 5 135
41 40 83
44 19 408
26 23 314
11 14 437
34 20 71
33 16 300
21 22 73
5 34 483
21 24 50
6 20 120
7 27 282
6 42 468
9 31 86
9 8 203
38 15 377
37 13 214
36 47 489
32 35 307
27 23 168
39 27 224
37 5 389
44 6 366
17 35 34
1 45 420
1 20 301
18 34 228
47 7 406
42 37 192
42 35 405
17 29 252
37 4 79
39 3 327
38 21 420
45 26 323
9 32 133
35 14 285
8 15 457
47 17 192
37 9 265
27 40 498
17 25 195
11 32 346
10 20 440
31 6 124
32 23 273
31 22 335
38 9 68
19 14 345
24 39 139
40 47 275
6 43 240
21 23 118
18 8 101
30 26 475
15 36 105
17 36 454
5 17 415
30 13 27
19 42 46
41 11 443
43 44 209
22 38 377
7 42 138
6 47 116
25 20 237
30 37 277
25 13 158
27 13 287
33 28 24
9 19 73
28 19 390
32 2 365
25 6 354
15 27 368
9 17 358
24 35 3
2 8 477
6 24 196
27 41 80
17 22 345
1 19 238
3 30 39
23 43 370
46 10 358
14 4 304
12 41 47
10 27 166
5 3 123
19 24 247
13 6 377
3 38 245
30 43 291
9 27 411
7 39 72
20 3 85
23 11 345
42 41 142
2 39 340
20 33 259
11 19 53
14 46 201
17 37 391
40 46 334
47 37 26
45 6 231
47 10 495
41 20 406
14 39 440
34 7 272
7 15 457
10 5 445
29 30 56
28 47 470
34 26 110
8 44 473
37 15 7
27 20 419
24 28 28
4 23 251
9 29 480
11 33 498
42 28 394
31 1 34
47 46 442
3 6 228
28 21 316
16 21 379
21 33 244
39 17 222
21 26 215
2 12 407
39 15 500
16 22 500
41 17 249
42 44 99
44 29 211
45 36 98
18 27 173
35 21 440
3 24 100
7 30 135
47 33 418
43 3 162
16 32 325
19 18 53
21 27 141
8 46 32
47 9 68
8 20 23
45 41 78
1 23 150
35 36 5
2 43 384
45 44 6
24 12 34
24 30 113
4 44 383
43 38 202
2 14 115
29 13 416
39 19 176
6 46 419
18 13 453
35 27 160
8 39 148
32 6 51
37 31 139
20 28 222
25 3 358
43 33 217
33 12 160
40 34 124
36 39 425
15 42 442
47 5 50
34 16 313
10 36 47
21 40 132
33 3 439
32 8 227
12 19 312
45 33 409
13 44 177
19 8 179
27 34 393
5 20 419
31 30 287
20 18 339
41 15 328
11 26 367
11 29 236
8 24 439
11 30 381
12 29 306
1 26 148
4 17 138
20 9 368
35 16 410
23 29 345
23 30 146
46 3 160
5 44 343
29 31 222
14 25 30
3 9 160
16 30 266
30 19 57
11 47 460
45 25 243
7 12 20
43 46 375
24 40 335
12 9 15
44 27 121
27 25 293
22 36 99
41 13 463
7 18 281
44 1 395
7 4 85
37 43 125
9 28 314
15 35 420
39 45 294
13 45 458
39 23 250
22 47 235
26 31 192
36 37 460
6 39 261
32 13 462
38 18 435
1 10 374
33 5 492
23 16 441
16 27 257
12 20 377
14 47 194
7 1 266
24 27 82
34 12 489
41 38 61
43 14 176
9 22 358
33 4 352
37 2 125
13 42 343
32 17 4
28 35 187
30 33 417
30 35 192
42 1 218
37 38 316
4 10 325
23 18 471
13 26 362
25 44 201
13 17 382
19 36 499
7 38 160
2 17 320
31 5 183
43 9 426
8 34 359
16 46 219
46 30 161
45 29 483
35 22 204
1 41 382
11 21 139
39 47 240
19 13 452
15 26 2
34 24 284
3 18 82
46 41 81
39 30 107
37 25 364
44 11 141
42 31 341
47 38 405
40 20 113
14 31 259
28 15 481
1 4 351
8 23 273
39 20 128
34 30 126
3 42 135
2 22 334
37 23 184
2 33 91
28 13 267
25 12 386
32 18 307
39 38 85
38 25 324
47 12 176
36 20 267
22 25 146
18 1 334
4 20 396
43 34 58
17 10 3
32 24 473
43 31 72
7 8 46
45 18 57
36 1 301
23 38 286
22 5 385
24 10 354
17 42 199
4 38 267
45 30 228
43 12 402
41 43 11
34 46 311
26 36 80
17 40 385
32 21 109
32 42 392
23 31 448
16 15 456
31 28 404
35 38 431
5 43 246
17 19 321
22 45 13
40 4 3
6 17 72
10 22 38
36 29 59
4 5 375
10 13 143
8 28 189
40 32 389
18 11 7
28 25 366
41 7 3
9 6 442
10 15 141
10 19 164
46 21 134
28 18 289
20 43 389
38 24 180
24 47 267
32 44 112
21 39 301
15 4 294
10 28 435
20 19 15
16 44 33
39 28 44
4 32 194
16 24 86
46 31 119
27 28 73
46 23 206
29 39 482
14 20 307
11 8 308
43 11 461
16 43 28
24 42 25
12 40 117
47 34 230
40 14 407
42 20 360
46 27 467
45 46 19
32 41 331
3 10 393
22 33 138
5 12 236
38 29 120
47 26 54
32 36 289
16 8 34
4 24 205
28 1 30
37 10 300
34 41 2
35 6 61
37 21 454
39 12 220
38 2 39
29 35 117
15 6 240
2 46 453
25 1 204
8 25 466
22 41 116
37 44 485
44 15 187
2 36 219
13 43 309
31 12 153
21 18 65
29 7 105
7 31 469
7 19 176
14 3 60
8 5 437
44 18 8
4 25 172
46 7 405
26 43 278
26 8 246
46 9 274
12 1 122
5 28 203
15 17 110
29 24 132
29 43 157
2 41 67
46 5 475
15 11 452
3 41 95
23 10 339
26 7 169
39 40 236
42 46 20
25 35 179
40 42 427
37 33 133
36 12 403
15 24 316
3 19 330
41 25 218
7 22 454
4 6 289
4 26 500
17 45 189
37 41 407
21 31 33
26 19 300
9 1 215
38 42 47
39 43 163
9 11 159
9 15 137
21 9 35
47 35 334
1 21 214
26 28 22
29 18 353
26 38 392
22 15 105
31 11 314
28 29 207
15 12 398
9 14 433
37 34 317
36 5 433
1 14 464
40 22 283
7 35 373
8 6 352
2 29 455
34 39 269
11 7 180
5 38 180
22 29 186
19 38 288
35 33 352
9 36 435
1 33 263
3 13 136
42 14 151
10 33 460
6 23 196
10 12 106
18 35 100
33 39 386
45 27 485
36 27 250
45 37 213
41 9 46
15 43 467
25 30 324
4 18 325
13 5 18
7 9 276
19 40 320
15 29 455
41 8 452
21 30 151
6 37 55
17 26 1
23 45 203
6 27 396
25 46 472
45 28 446
9 18 331
8 1 500
16 39 152
46 35 25
18 25 290
36 44 481
3 16 57
21 20 183
7 20 489
2 26 4
13 34 160
10 38 156
14 36 384
31 47 443
19 43 19
29 42 96
29 32 82
15 40 357
38 44 458
5 24 200
5 27 57
2 45 475
39 10 21
28 16 434
14 30 25
28 41 68
46 17 350
4 9 282
27 29 151
33 23 373
20 26 291
6 29 388
37 7 64
17 12 339
16 29 16
5 21 36
11 1 394
5 18 274
21 42 133
31 41 380
47 41 169
6 33 453
19 46 7
33 42 233
1 43 172
24 14 318
27 38 125
10 41 98
40 45 236
38 16 175
2 28 494
6 26 220
31 27 480
15 33 222
31 4 105
45 15 303
42 45 332
4 34 138
12 14 4
13 31 127
35 23 496
39 11 291
4 45 94
7 40 431
5 35 449
29 34 102
26 22 446
34 31 33
30 5 417
19 21 218
46 44 414
36 40 220
12 30 223
9 25 344
44 35 175
8 37 44
3 47 292
5 40 128
37 20 324
39 25 101
10 40 468
21 43 5
45 20 108
44 28 275
40 38 202
44 17 346
17 3 12
2 3 442
45 24 325
5 9 426
38 32 251
25 19 275
5 16 31
42 18 481
40 37 427
45 10 310
35 19 188
3 7 318
40 8 393
2 42 100
21 29 163
11 40 67
3 29 67
20 29 78
8 21 407
9 45 491
11 3 11
21 15 403
40 29 336
42 34 220
3 12 119
41 4 276
1 24 471
15 2 19
8 3 103
28 46 336
27 4 119
7 21 396
11 2 31
34 45 149
33 29 254
5 29 201
2 25 97
45 14 112
30 4 465
36 31 339
14 33 46
23 22 322
10 35 178
39 9 498
39 32 98
25 7 18
36 34 389
41 5 470
15 31 359
23 3 265
37 14 403
38 1 250
13 33 184
31 39 410
26 37 63
30 15 333
47 18 260
43 10 146
39 26 189
16 41 311
42 25 315
29 41 204
13 35 36
35 11 232
12 8 82
9 40 333
30 6 53
4 13 164
27 8 24
7 32 73
47 21 326
4 16 143
4 29 251
36 7 428
28 43 465
34 14 267
10 16 75
22 34 177
36 8 478
1 2 494
17 27 378
16 26 343
15 20 340
2 4 19
38 17 497
9 30 12
26 14 221
36 41 110
32 33 230
5 25 306
14 7 499
42 10 399
13 15 420
7 28 240
44 7 496
46 24 499
1 27 404
26 40 255
8 10 430
15 19 28
12 38 189
46 36 187
24 7 213
39 35 360
2 9 86
8 30 11
2 10 218
3 15 268
16 40 44
41 19 217
37 39 398
3 31 429
10 34 317
16 45 249
14 10 451
41 23 296
7 43 282
47 25 68
34 19 137
20 35 242
21 6 224
30 1 45
4 35 281
36 16 71
13 7 76
23 42 129
17 21 184
28 32 3
20 32 81
44 26 496
35 26 411
36 23 393
16 17 175
24 41 452
21 34 288
30 17 60
40 25 134
42 5 428
20 17 312
43 40 87
31 38 40
8 45 17
25 24 263
10 30 443
41 6 424
19 32 78
7 16 92
8 22 147
37 32 23
8 38 331
44 31 426
16 25 323
26 29 189
28 40 220
30 38 330
31 25 163
22 28 249
37 28 463
23 12 279
1 22 143
46 18 88
33 17 29
43 24 331
4 42 212
39 22 247
25 23 240
27 22 208
9 26 48
38 13 428
47 27 301
33 24 123
37 24 500
43 4 9
30 41 98
10 6 337
24 31 401
6 38 497
14 15 73
23 9 24
36 11 491
2 18 469
25 10 55
41 44 216
39 13 181
1 16 267
2 13 443
39 4 420
32 5 106
32 12 440
27 19 278
38 46 14
7 5 401
30 44 290
32 10 154
33 27 311
40 3 29
5 15 95
40 30 207
31 33 451
23 17 70
45 32 138
20 38 233
38 14 131
20 24 59
15 25 337
34 1 269
32 31 271
5 45 159
9 35 233
2 24 300
21 3 291
17 28 41
38 11 335
12 11 71
46 1 353
18 17 260
4 11 204
37 29 348
2 27 267
14 5 123
29 1 216
46 4 279
20 11 251
7 6 475
36 38 137
34 6 174
36 3 51
30 28 226
15 23 462
25 33 372
24 36 415
34 25 368
33 26 258
35 3 18
7 45 239
12 16 331
35 45 269
18 33 15
13 22 184
31 17 217
5 11 452
4 12 458
37 22 69
44 12 38
47 43 164
14 23 130
1 39 165
47 29 115
22 18 434
11 34 342
20 16 154
21 14 222
42 9 371
6 18 498
5 39 458
34 3 256
20 47 170
45 12 342
14 6 64
18 43 119
31 35 492
36 43 1
8 33 417
9 24 21
14 28 442
38 34 310
35 12 248
33 38 240
30 36 154
12 27 275
33 41 143
47 44 360
35 37 286
12 6 418
46 29 209
11 13 283
4 47 359
42 36 112
6 40 384
21 41 420
22 12 15
20 44 319
10 26 152
37 12 78
1 6 313
13 8 152
18 36 97
14 13 419
31 2 318
3 32 420
23 2 113
42 12 345
30 22 287
3 37 457
31 45 390
22 3 333
35 8 158
6 28 250
10 44 461
12 46 88
40 18 460
36 25 214
24 23 221
8 31 194
22 6 418
9 44 114
24 11 281
15 32 446
43 8 2
47 45 54
31 10 96
16 42 288
42 43 207
14 32 104
13 9 469
47 42 397
44 22 23
17 14 436
19 22 343
24 17 221
19 33 385
14 29 268
4 19 209
19 6 145
16 13 114
1 15 125
47 13 11
20 13 209
17 11 151
14 16 398
14 8 339
2 35 171
29 8 357
17 8 148
36 28 275
40 13 192
44 2 3
32 25 444
40 35 189
37 1 37
22 20 410
45 38 97
30 27 439
44 21 441
12 26 114
28 11 362
21 4 86
36 21 54
30 42 13
22 14 203
5 2 67
11 45 135
7 33 238
37 11 51
21 10 494
3 44 231
25 11 497
34 9 74
1 40 414
24 26 397
29 25 130
18 39 424
1 17 83
37 27 67
26 3 426
40 33 318
24 44 454
42 11 241
39 46 322
11 10 389
28 12 321
44 33 460
2 16 33
19 2 465
13 46 496
5 23 403
17 7 496
3 27 31
26 41 299
18 30 368
47 23 364
19 29 258
33 46 54
31 16 148
9 16 129
36 6 34
23 44 284
37 19 347
34 33 127
42 26 388
6 5 361
10 18 59
34 2 437
16 18 4
22 43 41
