247 45 39
26 5 190
7 6 446
41 44 107
40 26 442
39 30 376
4 18 358
18 35 271
10 22 380
20 11 434
14 23 59
6 37 99
15 9 230
6 36 248
40 35 43
11 45 199
36 15 212
6 5 35
16 8 349
15 42 242
17 22 313
13 43 357
16 26 304
16 37 423
30 9 273
28 34 246
25 33 138
33 24 208
12 7 292
44 15 137
4 35 65
36 27 5
19 32 441
37 40 436
16 3 265
33 31 274
16 42 304
18 26 247
45 23 61
2 42 440
20 17 214
35 3 298
2 12 123
11 40 22
21 23 389
33 39 122
34 32 295
7 9 142
5 27 29
36 31 121
31 23 20
41 31 443
25 17 258
22 2 35
28 24 297
14 21 177
26 43 404
5 12 477
36 39 52
36 14 32
16 1 169
38 23 92
38 8 102
22 35 267
8 18 327
38 6 279
40 10 210
40 25 181
3 11 161
18 21 253
4 29 226
35 44 215
15 39 362
8 29 483
15 1 300
38 4 171
22 30 477
20 33 140
42 44 376
43 39 396
36 10 285
29 9 179
20 41 295
6 29 184
31 25 485
2 16 397
30 29 269
41 38 65
33 12 69
9 4 408
41 14 5
36 32 266
24 34 157
27 21 476
18 24 186
40 43 171
27 33 261
9 36 312
27 11 311
40 22 125
32 22 492
35 37 250
42 35 153
24 25 149
25 15 442
18 27 279
20 22 300
5 36 43
41 13 122
19 1 186
26 10 284
11 38 8
3 25 171
7 41 232
39 21 404
22 36 110
25 6 271
37 4 211
29 7 78
45 2 117
9 14 342
38 22 138
32 42 348
40 21 301
2 5 116
38 40 238
33 28 92
31 30 450
14 20 135
41 28 214
11 5 452
20 4 371
6 15 356
13 32 495
28 39 222
23 22 409
37 25 439
9 43 374
43 24 359
7 37 103
12 19 254
7 1 295
2 8 148
42 6 347
16 18 132
7 32 486
17 16 342
34 3 274
8 13 279
41 23 206
2 32 128
45 22 353
38 31 236
5 37 146
38 19 456
41 19 9
10 38 274
7 39 459
41 12 248
12 8 494
27 14 45
10 12 440
44 13 451
27 42 372
13 25 94
12 9 286
11 22 183
8 32 174
18 12 150
3 21 95
2 35 425
33 41 225
32 11 479
21 1 10
7 22 219
10 45 262
9 39 61
30 12 192
31 35 489
11 1 272
14 5 458
21 22 373
29 13 479
35 25 261
28 3 137
37 31 79
8 28 75
28 15 421
19 5 262
13 21 206
16 10 158
5 34 104
21 20 410
10 21 389
15 14 409
20 32 229
16 28 328
9 2 101
11 12 396
30 25 14
12 14 251
13 33 259
36 34 175
3 23 103
13 24 458
23 5 369
3 20 268
10 33 99
32 12 423
4 8 248
5 22 194
22 37 476
36 2 173
44 7 8
12 40 396
20 2 187
42 9 296
19 3 30
43 7 204
23 13 74
40 29 223
4 30 166
31 26 459
32 44 406
41 10 9
21 6 96
19 29 284
45 28 8
3 4 66
25 9 344
20 16 443
6 32 119
3 31 468
12 3 123
25 16 337
26 4 233
29 44 140
39 6 57
27 9 261
15 30 368
20 13 4
9 40 434
44 20 424
6 19 146
18 1 407
18 37 226
26 8 170
23 24 491
