94 28 331
26 12 471
2 13 338
23 20 232
25 19 283
9 1 46
19 7 174
6 26 1
11 4 86
22 20 95
9 5 293
17 16 137
8 7 492
10 2 73
24 1 316
24 17 295
13 21 118
17 25 484
9 2 167
24 21 91
3 8 349
3 5 187
2 15 470
24 28 133
28 26 443
9 19 450
19 2 7
25 28 133
27 15 384
15 13 35
21 2 431
17 28 38
28 14 334
4 7 375
17 7 91
9 10 477
24 3 420
15 28 404
9 25 441
7 15 488
6 20 454
26 25 69
2 28 4
19 13 340
26 2 359
10 22 156
27 13 469
23 3 13
9 28 216
2 1 56
15 26 401
11 16 341
25 22 13
19 1 316
19 27 69
21 16 468
8 24 330
13 24 326
24 27 210
24 6 224
28 7 141
27 5 220
26 11 38
14 26 262
2 24 81
22 11 2
21 17 138
5 12 308
24 7 338
17 18 68
25 2 290
22 5 155
20 3 145
6 13 338
27 20 53
27 18 302
7 6 331
12 3 17
2 14 427
27 4 117
25 24 129
1 7 432
4 16 381
13 12 418
16 27 106
8 13 17
5 23 87
19 5 424
9 22 211
21 11 366
15 9 348
13 20 201
5 4 43
7 3 407
22 12 62
