114 18 443
15 13 404
7 8 367
14 5 137
7 6 236
4 10 203
13 11 221
9 1 195
12 16 326
13 4 185
15 4 314
13 17 140
14 3 452
18 10 139
9 8 426
5 18 119
16 10 82
11 2 349
5 1 254
1 18 114
17 2 108
12 7 143
7 9 496
12 2 261
18 3 228
15 12 167
3 4 119
12 14 415
12 8 75
17 15 279
8 13 439
13 16 71
18 13 195
10 14 26
10 5 119
8 1 454
4 17 234
2 4 335
9 13 75
1 17 9
11 10 66
1 4 456
18 7 263
5 9 67
9 15 408
13 1 354
11 7 311
7 16 191
16 4 53
10 6 310
3 5 19
17 7 228
11 5 220
16 8 266
11 8 431
18 4 420
1 2 272
6 5 455
6 1 324
17 12 356
18 16 11
15 16 168
16 6 255
2 9 93
2 10 359
3 11 69
5 15 386
10 15 217
15 6 163
14 15 83
18 9 378
14 11 435
9 11 475
9 3 377
5 8 403
8 18 67
4 8 141
13 14 378
2 18 131
17 16 479
16 2 275
5 7 489
8 15 338
17 5 271
8 3 371
16 1 249
1 15 70
8 17 447
1 12 467
17 11 235
6 13 209
6 2 433
11 15 201
3 10 6
8 2 27
6 17 59
8 10 124
12 3 492
11 12 211
12 9 30
15 3 265
12 4 151
12 6 255
6 9 104
16 14 231
12 5 24
4 11 178
2 13 127
14 2 21
11 18 232
10 13 235
13 3 373
7 1 464
7 4 209
3 1 302
