709 44 2
13 24 60
18 12 467
41 30 13
13 38 394
4 28 159
23 15 369
9 23 419
15 37 488
44 36 487
19 7 344
27 35 409
18 40 207
35 11 301
35 33 371
28 22 149
31 33 315
1 29 320
1 17 197
8 14 9
27 18 265
44 25 462
31 10 350
11 23 319
7 41 361
32 17 254
5 37 167
42 19 288
29 24 198
10 37 192
21 11 18
14 18 107
6 27 261
6 32 215
3 35 101
26 40 36
22 11 301
13 27 466
26 19 411
37 11 247
40 37 490
20 44 441
12 20 223
43 19 426
15 10 355
8 6 481
27 38 111
42 43 303
24 8 340
10 13 369
12 17 289
15 38 129
5 26 228
7 39 353
7 38 463
44 8 14
35 23 499
3 16 442
41 40 213
26 29 251
8 17 496
17 33 121
34 24 3
33 18 240
5 6 435
6 42 476
1 11 30
26 33 198
26 15 301
2 43 338
25 18 273
25 11 350
13 42 74
42 12 463
32 33 154
17 10 486
33 36 479
11 19 467
33 3 286
22 1 191
34 40 216
5 15 373
44 15 93
29 32 369
17 3 192
8 38 282
42 17 126
30 8 400
37 8 326
16 27 378
39 35 473
34 2 137
36 19 272
44 21 240
3 23 377
31 7 193
8 40 494
33 10 51
40 44 447
6 21 249
12 37 66
1 15 212
32 13 495
13 30 231
43 37 333
22 23 404
21 26 153
20 34 272
21 33 294
42 27 404
2 27 105
44 5 305
22 3 124
31 3 196
20 7 421
4 36 458
29 40 293
39 13 46
8 25 360
40 1 97
38 21 244
32 35 381
25 30 483
34 30 271
37 27 238
16 44 440
11 36 231
24 14 99
38 31 286
20 35 201
5 29 470
22 40 33
28 38 489
40 5 60
23 20 308
18 44 69
32 11 337
35 15 339
18 34 418
11 13 52
41 37 369
24 40 30
27 24 111
3 37 300
31 32 64
6 35 307
29 36 112
23 33 312
23 21 254
15 3 417
34 43 430
12 8 275
8 16 223
14 10 94
35 26 349
15 29 63
7 5 446
24 41 219
21 1 124
38 29 366
17 25 212
42 11 431
41 20 408
36 35 94
23 1 431
43 20 108
20 31 228
16 13 20
35 40 202
22 19 72
23 34 160
38 41 18
39 4 90
18 38 53
42 35 88
22 30 120
2 13 416
1 36 13
15 6 431
3 43 417
2 14 179
16 20 250
11 17 388
7 21 214
24 44 173
38 22 358
14 19 20
23 29 14
2 23 142
7 25 283
10 28 177
43 7 53
31 37 35
5 3 414
30 43 473
10 43 400
10 24 249
10 26 310
21 3 207
30 38 204
2 22 85
5 28 486
40 25 235
28 23 28
18 32 432
27 31 129
2 17 329
37 4 316
39 36 362
35 9 197
6 38 137
39 23 385
26 44 212
12 35 450
34 12 445
25 12 44
32 9 363
27 44 482
42 34 112
32 41 41
37 7 87
39 5 97
7 2 155
1 19 2
1 12 12
17 37 347
21 28 154
4 2 465
22 17 321
21 37 31
30 10 431
5 38 278
44 30 414
6 4 221
2 38 266
29 30 461
7 13 93
15 14 52
1 41 497
13 5 258
23 10 251
39 21 141
24 32 443
16 43 408
8 11 483
11 16 327
9 18 357
29 9 39
37 35 287
11 39 385
34 1 46
41 36 57
16 41 281
12 40 327
34 17 428
7 14 116
22 44 363
24 1 107
42 21 53
7 36 499
31 19 376
38 43 29
21 41 398
18 29 351
10 7 435
39 27 415
43 18 71
17 41 199
12 4 292
4 16 430
24 15 372
22 29 349
12 36 303
17 15 287
19 21 290
43 22 478
25 29 100
2 19 340
42 16 261
12 16 10
40 10 368
26 24 30
32 5 370
24 35 253
13 19 95
28 43 403
12 31 458
1 8 456
16 5 277
42 2 408
19 17 133
11 20 203
14 34 206
31 30 331
1 27 16
42 10 408
8 4 284
29 44 475
41 10 249
2 12 462
6 25 4
19 33 191
13 25 129
15 20 151
27 3 352
31 13 304
9 44 484
3 6 424
37 23 323
3 38 145
3 28 486
18 41 334
3 29 3
18 15 187
26 32 372
20 18 120
18 36 215
41 15 72
4 7 126
11 44 32
16 34 123
25 34 78
26 23 438
4 13 190
2 21 88
16 35 447
2 16 57
23 18 312
34 3 134
43 31 199
1 14 170
15 9 95
9 20 8
33 29 183
27 25 423
36 40 490
40 30 53
16 23 343
41 22 80
34 11 280
20 24 244
42 8 287
25 36 181
36 14 395
31 2 26
35 25 343
16 15 464
39 9 389
10 18 9
7 30 417
17 18 141
44 3 377
44 7 348
24 38 66
41 19 116
42 1 475
21 25 72
6 41 280
42 14 396
4 33 126
25 39 428
28 35 202
38 35 405
21 20 27
39 30 43
17 23 357
14 25 215
16 36 488
42 9 446
26 34 242
16 7 266
19 6 233
1 26 251
1 43 98
9 12 400
20 26 343
37 18 267
28 13 293
12 22 259
44 34 97
16 29 379
17 26 422
5 36 193
2 40 4
38 44 6
30 17 83
2 35 93
23 40 97
3 32 120
33 25 114
12 44 415
9 6 15
26 4 489
6 1 73
28 8 329
33 38 101
2 33 82
37 36 102
20 4 227
11 27 17
26 3 61
30 6 365
7 18 260
42 40 463
19 35 84
38 40 274
32 44 254
38 16 480
16 32 14
32 39 30
4 14 124
26 42 333
13 34 223
9 41 420
27 36 487
29 37 60
22 4 386
4 34 57
42 3 128
44 19 266
13 35 397
30 27 84
14 27 313
24 33 492
27 22 186
23 42 45
6 39 192
9 28 132
8 13 246
28 37 301
16 26 131
38 1 176
22 18 233
42 5 121
12 33 193
4 23 81
43 35 195
16 19 318
26 31 271
2 10 215
13 9 19
35 30 125
39 19 453
14 40 413
21 31 87
1 2 268
6 22 179
6 16 28
25 15 290
41 12 246
19 23 206
15 30 319
36 9 446
33 14 223
35 34 71
42 28 70
14 11 108
21 17 192
19 40 77
6 37 487
11 29 223
32 12 297
23 24 38
22 35 470
10 27 264
20 17 324
28 33 310
9 1 48
36 21 144
8 32 19
16 30 410
2 30 350
8 26 76
30 18 423
31 14 143
37 2 58
33 42 341
24 6 321
43 5 262
11 3 410
17 38 322
23 8 326
17 16 89
3 36 182
5 35 376
6 26 328
35 44 495
8 43 25
41 34 160
2 6 383
13 21 330
5 34 361
14 28 256
29 28 151
1 10 59
13 15 372
10 35 76
38 12 161
43 14 225
11 6 290
14 5 126
28 25 400
38 32 141
11 30 193
5 11 341
17 31 455
7 3 410
14 6 334
39 8 176
29 21 288
1 28 319
20 14 93
41 2 133
26 38 205
42 44 260
16 14 5
39 38 29
42 7 44
33 6 134
12 24 332
29 20 236
13 43 179
41 39 50
20 27 207
41 26 306
4 17 27
20 42 269
42 39 414
20 8 268
7 35 169
15 19 151
17 7 75
32 27 232
28 36 57
8 34 383
44 4 96
12 26 422
34 33 209
27 5 346
16 37 302
10 38 56
21 9 485
4 5 321
29 31 215
2 36 430
37 20 240
38 23 247
12 39 372
17 5 277
9 33 55
39 37 398
19 12 483
3 4 423
5 10 147
39 15 304
19 10 311
7 32 296
39 43 472
32 40 183
16 31 246
12 28 140
5 24 172
20 3 326
26 2 389
40 15 348
18 19 216
32 42 146
9 34 53
28 40 33
7 34 135
10 3 59
23 31 365
35 14 413
14 9 25
14 3 238
19 32 46
34 15 366
37 9 198
19 28 262
31 44 320
32 15 368
4 43 337
6 10 449
34 31 484
1 32 110
39 24 475
28 32 480
43 40 121
26 13 71
24 28 322
14 12 145
20 1 132
6 28 286
15 42 320
18 21 276
33 7 433
16 33 376
3 19 19
19 38 412
39 14 284
29 8 403
4 38 69
24 30 19
8 15 172
44 10 155
33 15 237
29 19 251
31 41 316
15 4 298
37 14 259
39 18 20
41 43 158
27 43 158
2 39 302
32 4 96
7 15 297
14 29 233
18 6 183
9 38 178
40 20 59
8 5 47
6 34 367
22 42 455
21 27 433
28 41 372
14 23 137
10 4 65
35 17 67
43 23 283
22 15 143
28 17 286
24 21 22
39 16 3
26 43 346
35 29 399
41 11 397
33 40 428
20 39 341
39 26 237
22 5 181
18 8 158
44 28 391
5 31 288
27 7 465
7 22 488
5 33 328
11 9 276
17 40 329
26 11 123
18 11 327
31 36 56
14 30 366
30 42 459
22 20 17
40 3 338
16 24 123
12 43 133
19 25 371
40 16 247
11 31 485
39 33 258
31 6 361
22 36 353
21 12 296
40 27 59
5 18 338
29 43 317
2 3 150
3 9 5
43 6 215
10 11 123
15 12 213
15 2 323
24 11 64
32 2 426
19 37 292
1 37 377
41 29 116
3 39 256
32 25 179
41 5 346
15 43 500
28 31 107
27 41 138
36 43 333
25 23 264
27 17 474
20 28 269
23 44 288
26 27 321
27 29 274
44 1 427
18 28 9
42 29 359
20 38 423
3 25 500
44 39 233
32 34 132
4 25 496
11 38 309
27 4 316
27 12 387
28 15 225
42 4 355
32 23 309
36 10 148
39 29 269
19 24 463
13 6 404
33 43 418
