231 22 280
3 9 8
2 13 2
19 4 180
13 21 340
11 4 159
12 21 166
18 5 88
14 15 157
1 21 395
5 1 48
15 5 257
20 16 299
13 5 331
4 5 412
12 8 390
17 19 440
16 17 471
17 13 192
6 8 180
9 12 250
4 14 330
16 15 377
13 12 285
1 15 495
18 2 173
15 11 176
17 8 360
3 4 59
21 14 143
2 5 265
21 3 108
17 9 334
8 14 101
8 2 470
2 21 431
14 20 34
9 18 178
5 11 431
2 1 120
7 15 80
8 9 494
20 5 137
18 10 73
13 22 395
8 11 371
6 15 135
20 21 233
8 19 99
17 18 176
22 20 366
16 2 262
4 21 22
22 8 470
5 17 425
6 13 94
1 13 409
19 21 434
17 14 415
10 3 422
22 10 153
12 14 319
13 8 123
12 20 362
14 16 114
22 7 244
7 16 359
7 14 166
16 13 259
19 5 404
12 11 259
6 5 237
9 16 327
11 16 149
15 3 69
3 22 39
20 11 103
21 7 399
4 9 366
17 6 56
4 15 346
2 7 27
15 13 447
20 3 92
1 19 46
10 17 73
18 8 247
4 6 345
10 11 152
20 15 75
6 11 9
10 7 52
13 11 149
3 6 300
22 15 473
22 2 10
14 3 374
4 2 344
4 10 129
3 1 469
12 4 459
10 5 391
20 1 214
16 10 441
1 16 418
10 14 85
21 10 358
18 11 51
13 19 137
15 8 444
1 12 16
11 21 122
18 3 287
1 8 411
5 9 275
8 4 440
3 2 217
16 3 124
17 11 496
12 17 105
9 6 354
5 16 192
4 7 451
1 18 120
11 19 35
13 14 436
16 6 408
21 5 90
6 1 481
9 1 173
1 4 144
6 7 173
18 19 194
7 3 87
13 18 379
6 20 67
19 3 269
19 16 288
19 10 99
21 17 276
7 18 271
21 9 145
16 18 275
16 22 310
22 9 224
12 15 371
20 9 329
20 17 29
22 14 414
22 19 62
19 2 190
3 5 162
10 8 248
14 19 212
12 2 319
15 19 406
17 2 226
13 4 176
11 2 137
19 7 27
13 20 314
10 6 56
6 14 190
10 12 151
17 15 366
20 2 280
20 18 376
12 7 285
6 2 346
21 18 284
17 1 160
18 4 358
6 12 367
8 7 283
16 12 423
22 21 29
17 4 366
15 2 68
10 15 292
1 22 239
9 11 388
10 1 355
12 18 260
10 13 259
10 9 204
19 6 155
3 13 410
9 19 279
18 15 408
22 4 135
7 13 270
9 2 471
20 4 354
8 20 150
19 12 271
11 7 36
18 14 445
22 12 215
20 19 326
7 1 348
15 21 255
17 22 389
8 21 445
15 9 480
9 14 255
14 1 397
6 22 332
16 8 449
5 7 333
7 17 268
20 10 4
6 18 229
5 22 18
21 16 306
22 18 309
2 14 276
3 11 120
12 3 309
8 5 39
14 11 104
11 1 88
5 14 363
2 10 304
7 20 19
6 21 202
3 17 93
22 11 184
9 7 364
3 8 306
4 16 301
5 12 298
9 13 222
