528 33 21
9 29 310
1 2 487
25 13 254
4 2 411
17 25 381
5 20 298
9 5 369
31 13 211
10 16 475
3 16 277
20 31 356
3 24 251
15 5 313
27 21 137
25 31 131
21 2 134
15 31 337
9 25 29
15 2 191
11 8 422
32 5 228
16 21 177
6 33 297
15 28 105
7 30 488
1 8 210
14 2 211
5 33 425
12 29 126
30 22 427
26 29 206
4 13 288
3 29 253
14 30 484
27 32 198
10 19 426
18 14 414
22 2 415
4 33 281
11 13 485
19 4 226
30 26 183
21 14 3
11 22 230
30 5 390
30 6 204
18 9 309
2 25 351
17 10 348
16 8 21
21 31 342
32 24 161
4 8 455
23 12 345
25 10 66
17 12 284
26 5 180
1 14 169
9 14 408
7 11 158
16 27 130
31 5 69
20 3 214
28 29 465
13 19 477
25 30 108
18 4 368
13 17 62
1 26 413
13 18 320
10 29 43
17 6 96
25 23 430
31 4 142
25 29 200
9 20 369
24 28 198
8 20 137
6 5 110
9 33 76
1 6 494
24 9 303
17 32 206
1 31 249
22 28 401
19 3 109
3 26 24
7 17 54
20 29 225
5 12 289
16 25 461
22 4 398
16 5 14
12 24 441
26 7 80
25 33 399
18 5 98
3 9 316
7 22 377
24 21 400
21 28 336
27 1 96
14 4 12
4 1 43
33 17 453
30 21 358
4 20 2
25 21 133
26 20 495
17 11 211
21 19 71
33 2 324
22 14 63
21 3 454
32 28 439
24 16 359
11 32 447
33 18 421
22 23 272
30 32 75
1 30 244
13 24 332
24 20 375
8 21 285
11 5 197
1 10 454
23 8 459
18 31 191
15 25 144
2 19 120
32 31 136
22 21 165
4 30 419
1 21 119
12 10 436
3 14 475
6 10 144
31 12 432
7 14 28
13 15 159
13 29 395
24 8 69
29 24 234
11 29 240
11 15 254
29 23 432
20 32 202
13 5 401
8 17 179
32 10 492
17 3 278
15 30 299
27 23 363
7 5 338
17 1 140
31 29 358
23 33 270
26 31 445
9 26 359
15 18 320
14 33 312
12 22 405
13 21 475
11 16 82
33 20 203
27 6 37
30 8 274
16 28 124
1 24 384
10 27 86
31 7 345
20 19 29
18 16 14
19 5 160
18 3 217
31 24 459
20 2 440
7 32 396
6 31 480
1 32 48
13 16 317
4 26 74
10 7 71
27 15 81
21 4 211
11 4 308
16 6 21
31 22 95
31 16 7
31 14 94
19 25 423
27 12 466
24 15 157
10 24 298
19 8 242
26 14 92
26 13 423
27 5 84
33 16 300
26 18 296
3 25 90
23 20 460
13 2 113
19 22 213
8 28 311
28 6 369
14 5 279
21 20 395
19 11 41
15 9 472
19 28 115
5 29 499
30 27 178
22 32 145
7 1 476
6 4 14
23 17 201
1 9 83
21 18 444
24 5 107
5 17 292
16 12 225
10 9 155
21 6 179
33 22 311
26 23 462
7 15 290
29 19 128
6 32 460
30 33 193
32 15 76
5 28 480
24 33 432
9 23 37
29 8 47
19 31 401
9 32 397
4 23 186
1 23 63
21 10 293
31 23 327
32 3 417
2 24 351
15 14 482
9 31 175
33 7 463
16 15 150
23 10 208
17 24 1
10 8 195
8 27 97
1 13 475
6 15 7
32 19 443
23 16 63
25 14 269
23 28 394
11 14 471
29 4 157
25 7 54
8 5 105
8 9 152
7 23 263
30 29 59
3 31 472
24 22 240
30 16 243
13 28 38
22 18 146
25 18 496
9 22 191
33 27 120
20 7 480
9 16 439
19 1 10
26 8 423
17 2 437
10 26 14
24 6 8
32 8 259
2 8 146
7 19 184
26 22 108
3 4 447
4 9 84
23 3 230
16 29 271
7 12 156
14 12 248
10 20 182
8 6 16
24 25 1
2 3 175
7 6 105
2 16 296
17 4 63
12 6 398
8 33 67
32 23 384
33 31 211
4 27 499
7 8 335
9 19 446
18 7 399
11 27 266
19 6 38
27 28 96
13 12 123
33 28 452
32 18 239
20 27 478
20 18 122
6 26 452
26 15 475
26 21 335
26 24 221
22 10 44
26 25 380
1 16 41
24 11 291
28 3 366
22 15 232
26 11 308
19 14 481
5 21 459
5 10 322
1 3 64
20 1 378
25 1 116
6 23 414
3 6 374
27 2 304
33 13 431
30 3 397
20 11 361
13 10 35
11 3 30
28 14 48
2 31 59
33 21 109
27 14 406
13 20 187
27 22 257
12 4 349
33 15 164
6 20 434
18 10 396
18 12 407
3 12 449
32 26 418
17 18 394
29 14 429
15 23 295
17 29 210
17 21 383
26 28 433
6 18 118
15 17 62
24 30 499
25 6 317
25 11 437
32 13 243
16 20 440
33 29 316
1 18 272
20 28 261
21 23 355
3 27 208
26 27 86
12 28 334
11 2 420
12 19 213
33 19 217
22 6 483
12 26 284
33 1 126
4 16 131
4 7 113
16 17 477
29 18 431
28 30 305
9 6 272
13 30 159
21 29 374
9 2 225
19 24 12
20 25 206
28 4 356
5 25 416
22 13 24
26 2 244
31 8 31
18 30 156
6 13 232
15 10 463
25 27 412
4 5 354
30 11 78
24 23 168
17 27 206
10 31 475
22 17 475
14 10 341
8 25 341
3 5 306
30 10 227
12 1 70
23 14 272
27 31 18
3 33 8
14 32 140
28 7 150
7 21 439
14 16 449
33 11 50
4 24 145
15 1 64
5 22 120
18 23 184
6 29 50
33 26 403
6 11 66
13 7 406
11 12 106
14 20 140
20 17 38
9 13 203
10 3 401
21 12 369
9 21 109
27 18 221
12 20 85
19 17 78
17 30 300
14 6 77
24 7 311
6 2 152
21 11 15
28 25 369
32 25 114
4 15 301
4 25 176
27 24 220
27 19 18
33 10 165
15 20 419
9 11 210
30 9 289
3 13 195
8 14 71
3 8 263
21 32 405
16 19 346
8 15 415
9 28 47
16 32 15
12 2 211
32 2 464
10 28 25
27 7 229
15 29 354
12 25 99
23 30 324
15 3 341
28 17 6
17 14 93
19 23 14
7 16 22
5 1 262
12 30 31
27 9 45
23 5 171
32 33 36
29 2 375
29 22 397
15 19 196
1 29 147
31 30 443
28 2 324
19 30 27
31 17 152
7 29 134
32 4 231
7 3 183
18 8 497
8 22 498
13 27 484
20 22 89
1 28 216
8 13 31
19 18 339
16 22 290
17 26 411
30 2 90
15 21 58
12 33 46
12 9 269
4 10 120
30 20 219
31 28 411
3 22 384
11 10 244
11 23 116
7 9 16
22 1 390
19 26 410
12 15 384
17 9 62
5 2 82
24 18 403
22 25 252
12 32 50
2 23 140
11 31 76
2 18 257
2 7 334
14 24 146
8 12 90
27 29 183
1 11 161
26 16 8
18 11 475
13 23 321
28 11 294
14 13 268
2 10 77
29 32 405
28 18 204
