903 43 277
32 16 244
14 34 32
34 5 468
36 43 136
27 13 375
14 3 226
15 43 303
7 22 14
29 14 457
1 9 337
9 21 318
4 34 107
34 42 17
2 41 188
35 34 482
6 36 342
21 20 223
35 21 181
38 31 123
25 26 98
3 41 326
13 38 10
17 4 191
31 27 449
13 10 481
22 6 293
25 40 277
27 23 415
6 31 134
39 32 8
18 8 8
2 20 76
8 29 78
39 31 50
10 25 19
8 19 281
23 10 437
28 6 307
31 25 334
32 24 138
26 30 205
30 1 1
25 7 302
3 19 292
30 28 418
9 28 462
15 13 6
40 20 115
43 9 379
16 30 362
29 16 424
7 9 163
14 41 130
21 15 190
2 25 495
12 19 188
32 33 89
7 38 5
11 43 6
28 19 172
38 11 19
40 35 80
12 40 396
5 31 368
33 22 163
11 39 363
7 13 238
15 27 278
35 25 376
18 28 23
6 9 109
25 17 397
20 22 180
37 18 250
31 4 183
24 12 154
14 8 185
19 30 402
24 8 4
7 16 294
37 2 460
25 21 376
24 18 115
36 34 460
7 3 308
25 39 23
19 18 187
34 20 360
8 7 400
11 25 340
13 33 196
38 24 416
15 7 460
34 32 458
15 6 275
37 24 219
22 18 237
5 18 81
24 16 33
17 33 328
38 19 20
28 33 349
36 39 240
28 24 121
1 24 106
13 29 469
16 43 323
10 2 36
43 31 195
23 5 327
22 17 378
22 14 70
35 27 458
33 7 366
8 38 111
20 18 122
43 12 459
10 20 186
12 14 34
28 27 317
34 25 449
17 12 278
13 11 25
28 31 215
18 35 134
34 9 471
15 23 333
38 23 495
20 16 317
35 3 330
30 20 373
37 21 284
32 15 400
2 43 249
34 16 394
32 5 248
38 9 75
3 29 160
40 39 469
16 23 192
39 41 71
32 30 323
5 11 15
43 17 204
40 30 458
4 6 230
38 39 148
23 2 116
10 40 77
21 30 369
43 32 302
32 28 356
13 43 434
12 35 229
38 37 342
33 35 242
29 19 279
37 41 246
4 24 162
28 42 217
6 37 369
19 35 64
11 28 93
28 39 60
21 4 171
13 20 297
5 14 471
16 26 395
1 5 128
11 4 239
7 23 4
35 17 13
42 20 278
32 31 8
23 34 232
21 24 71
25 1 279
17 32 188
43 5 181
20 41 72
13 18 295
4 20 453
4 12 190
9 20 303
24 5 495
6 40 128
6 23 163
8 31 277
41 43 426
7 35 425
29 21 442
23 26 453
16 12 20
28 3 219
28 8 46
13 19 104
20 35 325
2 5 307
25 14 427
38 5 347
11 29 430
20 36 245
3 12 362
32 38 55
27 26 311
22 31 243
26 37 439
9 19 399
43 40 121
29 35 163
1 32 135
10 19 31
36 22 497
4 28 25
1 6 386
4 16 174
8 34 314
2 42 455
17 13 286
34 24 181
42 9 317
21 13 153
23 42 190
16 2 212
29 33 248
31 14 178
25 27 300
20 38 45
1 27 142
26 29 307
22 23 19
37 11 87
21 26 126
17 16 173
20 23 318
17 39 77
22 9 395
14 19 306
40 24 273
28 26 496
33 1 294
3 39 462
31 20 50
10 26 449
43 27 426
3 22 166
8 37 240
16 27 77
9 17 166
39 43 75
37 31 108
3 27 462
25 20 418
6 13 223
27 40 330
32 40 146
2 28 105
10 8 328
28 25 31
30 12 252
33 27 14
4 42 451
24 3 155
8 21 192
35 38 361
4 35 157
32 12 3
35 32 238
25 3 311
33 43 362
7 40 27
8 13 70
2 15 432
38 17 219
12 25 242
40 15 230
38 10 121
11 18 458
11 22 407
36 40 286
41 32 339
10 14 319
42 21 30
3 26 199
41 11 212
19 6 56
8 30 102
16 3 346
38 26 72
16 22 87
10 34 109
18 7 433
18 39 388
14 18 57
11 36 382
6 2 488
40 19 336
7 28 320
26 31 224
1 39 280
27 8 165
15 14 135
12 10 47
1 16 381
16 13 434
12 36 136
20 37 158
24 43 272
23 14 28
41 19 19
32 13 289
37 22 35
34 3 436
36 35 251
2 36 37
10 24 139
27 6 334
13 4 90
8 33 79
33 16 446
3 10 250
19 39 29
12 5 64
24 15 435
42 38 3
2 31 421
27 22 194
17 11 469
35 28 48
26 7 2
31 33 450
27 20 230
18 41 8
7 21 487
2 38 116
27 41 340
26 20 348
22 21 46
14 28 157
6 38 313
26 18 125
22 34 386
28 29 246
17 26 362
38 14 419
8 4 200
12 42 101
5 20 245
13 42 161
12 8 131
38 30 327
29 2 484
36 1 412
13 36 272
33 24 432
6 26 194
27 21 113
37 35 202
30 43 139
11 31 372
9 37 61
39 27 9
4 9 208
1 26 39
1 11 81
27 9 46
43 10 51
11 12 105
5 22 277
23 11 46
38 28 280
31 3 290
2 34 375
2 30 282
40 4 147
27 2 104
13 24 224
7 10 421
22 4 209
35 31 110
23 8 410
39 5 244
19 2 462
17 24 298
41 29 83
30 22 235
7 29 32
18 4 471
21 33 446
1 17 103
9 30 225
3 13 316
18 10 81
1 8 414
11 27 201
31 10 491
26 8 494
43 14 97
31 29 132
6 42 289
27 10 316
11 21 486
36 27 480
8 36 288
42 5 274
22 39 360
15 12 474
17 8 218
1 14 227
19 27 68
37 23 127
13 37 202
43 1 202
19 37 222
4 27 134
40 9 88
34 19 207
42 35 377
41 40 323
35 8 281
18 31 180
5 21 139
43 28 248
29 38 343
31 41 349
33 12 402
16 5 402
12 6 154
3 21 141
17 2 73
16 36 82
41 30 277
3 43 34
5 40 13
18 43 155
27 38 425
14 17 263
37 7 385
42 30 285
37 17 114
15 11 462
25 8 49
37 36 127
8 9 53
30 4 5
33 39 101
41 34 464
42 8 441
14 30 130
42 19 301
6 10 408
19 33 237
39 7 491
20 17 239
29 23 303
10 42 411
6 11 13
7 36 27
35 6 189
36 30 292
3 6 244
21 2 442
11 16 242
23 17 417
37 16 2
28 20 293
31 13 322
15 35 306
32 6 221
1 22 351
30 5 381
16 38 494
20 1 37
16 14 476
1 37 361
41 15 480
33 20 390
7 1 468
26 39 8
14 35 39
8 15 1
33 14 258
2 35 495
25 32 463
27 14 432
11 30 289
11 20 326
13 22 276
24 39 381
11 19 35
7 41 74
36 18 216
27 7 476
24 2 114
27 30 80
27 37 235
24 9 271
16 41 211
17 31 106
28 5 350
11 10 229
21 23 346
19 4 103
38 43 45
1 28 331
29 1 208
3 17 111
35 41 414
33 40 7
25 24 469
22 24 488
26 24 345
8 5 315
29 27 199
11 32 137
33 10 70
25 42 40
6 21 49
28 22 192
40 17 444
16 8 454
38 18 469
10 4 124
43 23 430
11 8 324
11 2 225
14 39 440
29 9 265
34 39 249
17 18 112
30 7 274
3 11 388
2 9 201
18 42 485
20 24 60
12 27 228
18 12 350
5 9 19
34 38 412
12 28 121
31 16 299
8 39 19
42 15 405
5 4 37
15 37 75
3 2 70
14 42 32
3 37 339
32 26 222
29 30 160
4 39 318
3 33 33
32 21 106
33 5 132
32 7 453
5 25 366
25 22 417
9 33 86
26 13 296
3 8 254
14 4 459
1 19 445
25 38 451
27 42 51
14 6 492
29 37 329
41 25 444
20 39 331
6 25 217
11 26 187
35 16 3
33 26 96
19 36 114
40 14 81
21 38 34
29 39 220
34 33 11
5 35 356
30 31 175
34 1 457
43 21 168
12 26 403
25 33 51
26 34 296
15 1 63
5 29 459
18 40 253
37 42 72
22 42 286
31 24 44
9 25 176
1 41 494
40 38 141
33 41 288
11 40 78
15 33 424
5 37 175
10 39 296
9 14 382
8 2 37
33 30 254
4 7 450
5 17 181
33 38 182
15 10 394
29 22 3
23 19 313
5 19 323
30 17 351
19 20 194
16 18 207
5 13 127
10 35 405
9 39 415
25 23 42
30 39 485
13 1 22
34 13 441
23 31 156
34 30 496
42 31 10
18 15 442
37 32 463
21 39 30
29 6 76
7 14 394
15 9 255
25 13 92
9 10 244
41 36 172
21 34 454
3 18 182
19 17 150
17 41 455
23 3 139
29 24 490
34 17 172
9 26 467
15 3 475
39 2 235
23 24 257
19 32 425
4 29 230
36 26 477
29 15 168
36 10 368
8 41 252
24 27 141
34 40 439
40 2 27
23 30 481
28 34 123
40 8 52
31 40 143
15 22 21
38 3 338
25 43 454
7 19 375
43 37 107
18 9 249
2 4 104
26 5 327
5 3 397
32 9 47
10 21 403
15 28 261
18 2 436
42 17 204
7 5 457
13 9 147
7 43 63
11 24 359
4 41 401
19 16 377
11 7 403
29 40 142
15 31 487
31 1 459
3 1 423
22 26 292
33 6 366
42 41 24
36 21 236
29 43 332
33 23 374
41 12 431
3 42 368
16 15 400
32 8 422
40 16 58
28 37 34
20 14 170
4 37 354
18 32 243
7 12 163
42 32 301
10 32 424
24 7 133
25 16 2
24 14 342
6 34 124
39 35 473
4 26 415
40 3 61
5 15 186
17 27 173
4 33 352
13 35 174
33 42 346
33 11 418
35 43 202
23 13 241
34 15 201
12 31 464
10 28 319
38 12 370
41 9 499
6 30 62
36 28 369
30 3 459
12 29 342
13 14 347
35 23 193
34 31 420
13 28 367
36 42 406
14 26 500
34 11 436
16 28 429
4 23 28
24 6 193
20 8 227
26 19 63
23 32 262
14 36 273
23 39 162
37 25 199
26 15 435
1 42 98
26 42 73
27 5 290
16 10 76
25 4 298
28 41 280
2 7 327
1 18 483
1 10 312
39 6 400
25 15 239
3 36 416
28 17 342
9 23 34
37 40 403
18 33 402
13 30 73
39 13 286
26 40 5
7 17 121
23 18 300
22 43 149
22 12 371
43 42 449
30 18 47
14 11 26
36 23 17
2 33 34
32 36 158
31 21 153
34 29 346
26 41 11
19 31 353
39 37 148
15 36 234
14 21 414
22 8 60
41 13 43
1 38 244
6 7 239
36 29 196
42 11 361
29 20 315
18 29 423
43 6 452
17 21 479
40 13 430
29 25 109
43 34 45
37 30 237
4 3 181
27 32 477
31 36 319
16 42 480
29 17 427
23 40 453
26 2 79
4 36 237
43 26 141
31 9 40
28 21 260
10 37 341
9 35 84
12 39 386
13 2 168
32 14 132
2 12 287
6 5 500
16 39 394
20 3 484
12 13 370
7 34 255
21 12 395
35 26 196
33 36 439
40 28 325
23 41 171
4 43 73
10 41 120
21 19 8
42 7 131
9 16 16
36 5 19
29 32 332
22 40 217
4 15 381
31 7 244
30 35 463
25 36 302
15 30 296
38 15 166
34 37 259
20 6 341
29 42 114
29 10 425
24 36 83
5 10 454
43 19 487
36 9 314
39 15 25
27 34 277
41 24 498
20 12 388
22 41 386
19 15 21
34 18 175
36 17 55
14 2 482
19 22 153
6 18 242
38 41 220
37 33 235
38 22 414
9 12 428
37 14 414
7 20 155
41 6 398
17 10 378
32 3 278
15 17 156
35 11 102
1 12 411
21 18 33
32 20 407
21 41 295
43 8 432
12 23 320
39 42 251
6 16 168
1 35 303
1 21 364
20 43 484
2 22 171
20 15 197
24 19 12
41 5 497
37 12 50
21 16 28
19 25 161
22 35 215
36 38 68
18 25 497
42 40 427
6 8 483
17 6 24
24 42 282
18 27 185
40 21 477
4 38 319
28 23 350
1 2 177
1 23 237
2 32 345
1 40 299
24 35 337
11 9 362
30 10 387
4 1 280
12 34 112
3 9 365
30 25 87
32 4 370
24 30 173
32 22 438
10 22 314
