162 26 110
25 14 135
3 5 21
26 19 130
10 3 476
11 8 425
23 16 277
10 4 470
12 2 165
5 12 10
9 24 483
1 19 363
2 24 355
20 18 355
13 24 280
15 10 395
23 6 68
8 2 446
1 11 132
4 16 16
19 25 72
2 4 16
10 23 62
18 26 196
17 23 424
12 18 389
24 1 453
3 26 324
10 26 306
6 9 192
16 5 377
12 14 279
7 3 372
22 21 202
19 13 84
10 14 308
23 24 495
15 21 202
22 10 459
5 15 393
4 6 425
10 16 464
21 5 55
10 24 172
11 17 217
4 5 55
11 12 8
23 11 27
2 7 182
17 13 42
2 18 129
25 8 286
22 26 312
12 26 113
4 23 125
22 14 28
13 2 414
14 20 347
9 16 175
9 26 12
14 15 275
17 7 5
12 6 338
26 13 470
16 3 352
25 24 379
13 15 274
2 16 350
19 14 226
7 9 235
26 7 260
26 25 182
12 10 47
12 25 255
12 8 222
25 9 445
9 13 398
18 4 20
20 17 114
9 19 302
26 20 470
17 16 5
3 25 307
6 26 264
10 17 91
18 5 92
26 2 8
21 2 251
8 19 160
20 4 342
11 10 107
14 17 19
3 24 77
7 18 253
7 13 266
23 8 187
16 18 84
16 24 212
22 8 325
7 15 254
26 1 249
7 5 228
8 9 59
1 4 263
17 9 486
18 11 458
10 1 40
12 24 136
10 18 93
25 2 393
25 16 249
4 21 457
22 16 126
1 13 104
22 13 333
22 3 71
8 16 367
3 11 473
7 4 144
25 18 337
23 7 358
21 11 62
24 11 12
4 17 289
16 21 297
18 6 460
11 16 226
6 3 2
16 26 8
21 12 429
10 20 187
17 18 360
25 5 187
15 4 40
22 23 326
6 10 81
3 19 215
20 23 313
24 4 95
14 1 389
17 12 351
20 3 366
15 22 446
13 20 123
4 11 428
19 7 268
7 8 207
14 23 341
25 20 239
19 12 409
1 25 498
15 26 149
25 21 135
17 6 251
18 23 427
19 18 307
9 4 161
24 6 360
1 21 393
13 6 172
14 11 222
5 1 277
6 19 334
