741 39 101
25 22 447
32 6 107
1 27 475
12 23 295
20 11 383
11 18 364
13 35 450
25 38 407
25 32 388
13 28 268
3 16 30
37 24 153
29 12 368
11 8 396
24 31 106
24 23 15
28 1 282
12 24 392
13 37 77
14 33 479
31 3 282
1 4 120
17 31 264
39 4 5
19 26 417
39 23 267
23 2 475
37 5 483
31 7 453
7 30 132
30 12 401
35 24 12
6 36 263
29 34 409
15 26 198
3 30 283
7 14 69
19 32 273
32 13 110
12 1 333
38 18 291
30 13 159
6 38 455
4 38 152
15 35 23
23 32 375
2 9 336
20 9 297
32 37 350
27 34 421
6 37 181
17 13 456
21 24 159
29 36 91
26 25 315
1 24 383
33 38 86
34 22 429
12 25 132
20 25 153
20 32 455
23 29 22
32 22 62
35 14 361
32 3 113
11 15 43
34 37 431
30 10 412
18 5 102
10 35 39
8 3 320
20 24 110
22 20 488
25 6 405
19 22 451
19 17 27
3 34 241
12 16 241
17 34 250
13 22 408
31 1 445
11 37 165
6 21 434
11 25 161
26 33 350
4 3 267
39 30 1
7 12 266
22 28 354
34 31 4
15 13 158
9 32 440
31 16 377
8 1 436
14 1 3
3 33 54
16 6 133
5 23 238
9 23 163
10 24 262
11 23 456
19 15 185
20 5 394
4 12 467
1 32 252
15 3 206
17 33 233
3 19 240
30 5 121
2 27 377
29 4 264
28 8 203
2 24 366
1 9 432
6 27 253
36 31 166
31 18 335
30 36 200
39 32 338
34 21 133
19 14 389
13 8 273
7 34 108
38 31 264
15 21 10
35 4 248
38 32 485
38 30 118
34 25 140
36 5 304
20 34 275
38 22 247
6 33 368
10 15 178
33 23 137
27 14 58
7 38 169
12 3 51
12 15 258
24 30 148
21 20 125
38 8 393
16 14 205
6 26 100
11 6 145
19 25 270
35 28 348
10 4 109
10 7 89
24 7 397
7 6 85
13 3 334
16 8 454
5 11 74
7 28 365
33 5 257
22 30 269
35 17 297
1 37 138
2 5 313
25 30 94
36 18 293
27 3 152
29 32 103
35 18 382
21 4 39
39 37 194
27 12 204
12 18 25
3 9 256
2 21 232
1 39 357
2 25 266
37 15 146
36 1 333
21 25 370
8 2 228
8 36 94
24 14 129
26 18 62
9 24 109
9 33 234
12 38 387
35 38 188
34 30 267
37 22 130
25 1 2
35 20 118
14 29 293
2 11 32
35 32 215
4 13 128
27 4 474
21 32 410
31 12 44
39 3 202
20 2 187
35 3 477
25 39 495
26 11 49
11 9 149
29 16 214
3 14 386
8 22 67
2 7 400
12 32 27
21 23 5
13 12 100
5 35 13
24 29 176
17 32 188
21 31 449
30 4 193
10 33 236
13 36 461
17 1 458
17 4 42
32 28 415
31 35 37
34 1 241
25 33 360
18 7 96
18 10 445
23 25 364
1 35 92
17 3 95
20 3 191
20 14 59
15 39 271
22 9 218
8 30 366
23 14 132
13 14 64
27 7 189
36 20 263
3 24 490
29 11 91
16 1 207
10 3 437
29 33 197
28 36 276
1 38 345
21 30 179
37 21 224
8 12 486
15 24 65
23 8 330
14 17 151
1 11 85
10 39 20
22 31 166
15 30 20
13 1 81
28 37 337
16 34 428
18 25 499
37 30 461
33 2 471
3 36 86
9 16 391
6 22 103
20 7 478
9 4 447
28 31 58
39 14 476
2 19 322
32 5 475
22 21 477
13 9 100
18 1 407
33 37 350
8 18 290
27 29 150
30 26 335
4 11 366
24 11 135
32 2 51
18 6 430
9 25 162
8 19 135
26 5 486
2 12 308
37 23 300
33 1 491
31 5 134
3 26 213
28 23 261
24 19 119
26 9 51
30 23 34
2 1 117
4 18 227
18 22 89
35 36 129
25 4 165
39 12 303
20 18 170
34 13 362
32 8 367
11 31 103
19 6 110
23 1 256
19 38 323
4 16 374
5 21 282
30 20 224
25 14 151
36 2 493
38 13 190
16 11 10
36 21 265
12 10 366
5 24 254
18 33 60
15 9 130
10 6 434
15 14 400
31 6 320
32 27 86
13 23 20
10 26 444
32 10 294
7 32 184
15 25 467
13 39 464
8 17 316
10 23 500
37 27 384
22 3 278
28 38 248
28 17 137
28 26 63
38 26 155
6 28 275
17 20 344
5 10 263
1 26 151
30 9 368
4 37 463
5 28 103
28 3 44
4 5 332
34 11 145
4 8 495
8 26 466
12 19 290
16 25 370
5 14 252
27 19 348
39 22 5
21 1 3
6 30 168
28 25 94
27 24 278
36 25 248
35 34 256
33 15 125
26 12 231
19 20 43
28 20 245
12 5 420
19 9 60
13 21 390
36 9 196
11 35 250
27 17 495
34 19 469
4 2 106
38 34 440
6 35 492
8 33 427
22 26 186
20 38 55
3 2 363
4 23 374
7 4 422
28 19 200
23 35 8
18 37 399
15 8 171
26 37 399
34 15 90
29 6 168
36 11 492
30 28 403
36 4 489
23 3 323
18 27 183
18 19 61
32 18 329
20 8 422
35 19 228
36 19 223
17 12 176
17 39 447
4 22 496
21 12 203
2 13 9
20 39 187
23 36 352
5 22 319
37 19 390
7 26 7
38 11 362
38 15 219
19 11 453
9 28 147
17 5 229
2 31 6
9 10 408
27 39 62
2 37 357
24 6 36
29 5 282
31 32 206
7 21 393
11 22 229
31 30 405
15 20 92
22 35 500
29 20 357
28 29 186
4 20 348
36 37 323
34 18 128
1 29 470
24 36 183
36 26 244
3 21 230
24 16 490
17 29 276
36 10 486
13 10 79
19 7 43
36 12 232
28 24 483
25 31 357
14 32 387
17 18 185
6 12 289
1 19 433
1 20 325
9 5 305
11 10 368
5 39 78
10 14 360
11 39 215
23 26 244
28 18 132
31 19 383
36 15 272
23 38 401
6 14 377
28 39 375
3 25 327
15 28 341
16 19 409
23 34 403
36 17 65
39 38 277
34 14 250
17 15 118
18 39 346
22 2 327
18 13 361
38 37 124
36 14 404
33 20 167
24 32 326
26 39 470
21 33 173
3 37 31
23 7 349
38 9 39
6 13 364
26 35 326
10 22 472
16 39 376
21 18 228
29 31 251
15 32 58
33 31 318
21 26 333
25 10 83
3 7 303
37 9 353
30 32 4
10 2 114
19 29 499
23 18 290
11 17 25
30 35 136
6 1 177
19 4 66
12 28 100
5 25 258
14 11 253
12 14 215
35 33 75
33 27 175
13 7 26
3 38 324
1 3 390
11 3 206
35 39 463
3 18 274
10 28 399
38 36 182
32 34 13
24 25 487
5 19 473
33 24 167
20 23 359
9 34 265
24 17 471
5 8 436
4 28 377
34 28 2
8 29 37
25 8 30
21 8 433
15 7 234
14 30 48
38 10 452
12 33 117
15 6 4
39 31 461
20 26 482
16 38 349
32 4 245
33 7 364
12 22 50
38 5 49
16 37 309
13 31 132
30 29 393
17 26 268
33 13 111
34 8 450
31 37 352
13 19 390
32 26 322
22 1 461
2 38 327
27 25 70
36 33 95
9 31 99
16 18 308
16 32 177
31 4 428
14 31 439
27 26 401
33 16 157
29 15 307
6 2 255
27 38 270
6 34 393
8 31 122
27 20 390
12 9 467
28 14 280
26 4 233
10 19 288
9 17 221
24 22 332
2 16 31
10 29 310
37 35 197
29 21 77
10 21 482
8 14 77
27 11 241
33 32 371
25 13 316
13 24 17
9 21 406
18 15 411
34 2 487
34 12 100
35 9 81
2 26 273
32 11 412
35 16 275
38 21 65
30 2 19
13 11 436
30 19 154
29 18 317
23 16 223
11 28 417
28 16 289
15 4 7
4 6 136
6 5 12
9 18 364
29 35 173
27 9 60
33 4 81
31 10 180
21 35 394
32 36 487
22 7 337
14 4 73
14 9 464
27 10 309
24 4 111
30 17 296
21 11 175
21 28 338
15 16 292
33 34 75
7 39 335
6 23 360
21 19 480
21 17 446
5 15 290
39 24 254
13 5 95
10 17 64
13 16 403
16 22 285
36 27 196
37 7 122
8 10 166
23 19 152
10 1 130
29 25 151
20 31 218
7 16 449
23 22 69
30 1 404
6 3 171
15 27 167
27 22 130
20 13 305
33 30 252
21 27 351
34 39 31
36 34 19
3 29 304
17 7 142
22 33 211
6 17 39
18 2 116
17 22 445
27 31 276
2 28 271
9 6 319
26 14 125
25 37 106
8 35 411
7 35 166
15 2 323
36 22 283
28 27 297
33 39 314
7 1 254
16 30 19
26 24 31
36 16 171
15 1 80
8 7 499
5 34 110
7 11 356
26 34 291
38 24 230
16 10 253
15 31 80
29 9 272
14 18 418
25 17 135
16 26 345
17 38 194
20 6 131
39 29 315
8 24 269
2 17 123
9 39 52
5 1 107
39 19 468
37 20 122
10 20 206
22 14 49
6 8 61
29 38 142
33 11 28
7 9 449
14 2 295
33 28 44
30 27 454
5 7 171
34 24 40
22 15 313
30 11 462
13 29 211
27 16 445
12 11 419
6 39 466
29 2 239
39 2 426
27 13 172
17 37 15
15 23 26
37 12 46
23 17 342
34 4 463
13 26 1
18 30 332
22 29 23
39 8 314
37 10 29
8 9 475
20 12 262
14 37 127
37 8 288
35 2 454
16 17 358
16 21 195
23 31 135
10 34 11
27 5 111
20 16 182
7 25 405
39 36 152
26 31 477
33 19 131
29 7 28
5 16 307
35 25 333
35 12 354
3 5 427
14 21 433
27 8 348
35 27 274
36 7 496
24 18 5
14 38 124
39 21 225
26 29 293
27 23 434
37 29 292
