472 36 7
26 12 409
16 12 393
3 26 422
3 9 394
5 14 293
33 5 495
4 29 146
7 17 411
25 16 375
19 22 159
33 1 288
11 4 302
32 8 280
18 34 128
30 35 160
10 30 14
28 4 27
16 19 427
23 16 127
12 21 6
15 9 231
7 5 444
21 4 113
4 3 20
6 30 179
18 32 253
15 26 53
25 32 431
13 8 91
5 13 18
34 28 293
15 34 164
28 22 23
22 21 64
1 27 492
1 2 252
6 3 21
6 1 457
1 30 270
1 9 208
28 21 126
3 5 63
9 8 471
11 3 316
9 25 137
15 13 99
7 35 259
24 4 77
36 17 130
15 1 75
8 10 22
21 8 399
8 36 323
31 16 70
4 36 230
33 4 93
32 2 413
36 21 333
23 22 416
32 21 353
17 4 59
17 8 164
26 17 252
12 25 223
26 2 193
28 20 255
28 19 462
27 19 148
20 18 302
17 27 366
25 14 159
11 9 223
23 31 488
6 31 399
14 18 490
7 3 282
9 26 294
20 24 197
16 20 492
34 9 498
23 7 21
26 18 406
9 6 248
19 7 50
18 17 80
12 10 431
20 13 5
2 22 431
33 16 172
6 18 29
12 20 169
29 17 39
27 36 354
3 34 318
1 7 36
5 24 267
31 18 466
11 33 464
9 28 179
11 36 337
3 2 34
2 33 291
17 14 353
10 19 110
15 24 251
35 28 405
21 25 149
17 21 306
23 14 112
17 23 434
34 30 123
29 30 320
21 16 315
35 15 34
23 10 256
29 20 221
16 10 7
23 20 307
5 20 69
19 30 330
27 16 49
25 33 181
18 23 204
23 4 362
22 36 307
34 20 350
22 27 453
5 12 122
20 36 193
21 27 195
9 35 178
3 1 440
20 7 495
35 32 23
2 21 151
26 25 480
30 26 220
24 30 279
35 34 184
2 23 31
12 33 228
27 11 345
3 10 497
17 11 434
21 30 292
1 11 165
4 34 131
25 3 382
21 10 485
26 5 261
3 19 145
29 13 329
6 32 357
30 20 222
31 10 472
14 2 464
28 13 390
1 10 159
20 8 305
15 11 364
15 7 378
22 26 100
32 24 206
32 9 198
25 2 344
25 4 489
27 18 220
33 31 136
2 6 205
6 33 95
17 10 244
11 14 215
27 12 54
2 19 205
28 16 390
31 32 312
11 16 365
10 6 144
26 6 56
25 17 220
2 13 74
30 25 345
20 17 496
32 7 424
6 23 415
33 29 325
17 24 176
36 2 38
15 16 8
34 5 189
17 6 456
10 14 197
4 13 292
34 19 421
6 5 217
13 30 47
34 12 294
14 36 61
35 27 470
29 32 374
14 33 411
32 33 147
25 11 191
27 4 237
30 22 78
34 21 106
10 35 42
6 29 15
13 34 419
23 24 366
8 2 245
34 17 395
3 35 127
28 23 121
26 35 458
18 1 402
9 4 380
23 11 59
31 12 196
36 9 255
15 19 363
25 34 356
2 12 153
33 30 363
33 7 80
28 6 123
13 23 162
33 3 384
14 21 334
15 14 305
36 35 438
22 16 456
9 27 261
7 2 91
32 22 117
2 24 268
11 22 447
1 35 337
17 16 41
28 27 32
10 29 365
22 14 270
9 19 336
16 26 173
2 27 363
12 19 88
26 32 479
19 24 81
1 29 92
30 18 194
28 30 228
23 15 337
29 8 227
34 23 68
21 23 349
35 25 200
18 15 354
10 20 293
26 28 7
15 28 475
9 31 256
27 33 97
15 17 422
9 18 415
8 5 390
22 29 103
13 7 132
16 4 216
8 23 375
18 4 465
35 8 271
36 15 66
31 4 439
12 15 26
10 27 81
23 1 105
19 18 14
21 13 10
29 2 274
1 31 414
8 16 456
2 31 208
24 6 171
26 36 168
13 9 26
32 12 434
4 12 43
23 3 47
12 35 34
21 3 266
7 18 164
11 35 274
11 29 87
10 2 492
17 12 372
9 24 137
6 20 431
35 16 241
27 31 75
2 18 451
36 5 268
20 26 102
28 12 352
32 19 233
15 27 355
18 16 198
15 30 281
15 25 285
34 6 71
8 15 240
5 25 456
8 27 360
34 32 213
11 2 301
22 13 387
30 16 173
36 3 417
10 5 422
32 5 415
28 2 288
28 1 188
14 30 496
18 3 69
10 18 171
19 36 92
3 32 289
11 12 25
25 24 434
21 9 133
29 34 68
34 14 220
5 28 218
5 11 9
22 18 27
18 13 240
24 28 282
31 21 348
23 33 8
4 32 247
20 4 299
29 18 208
10 25 228
36 23 350
16 9 233
19 25 24
6 12 390
29 19 226
24 12 261
9 20 126
1 19 312
31 13 239
28 29 397
32 36 321
10 32 346
3 14 439
22 17 66
14 13 319
29 12 390
7 10 16
31 34 406
27 7 388
21 6 241
33 36 249
35 31 488
17 19 37
3 15 96
9 29 254
12 36 63
36 1 385
15 32 11
26 23 427
22 12 234
14 32 320
32 30 22
29 16 461
26 31 71
14 19 89
26 29 355
18 33 300
5 21 228
31 17 24
24 1 351
27 3 35
7 25 257
13 19 214
36 16 457
8 25 397
28 25 127
36 13 422
21 19 13
31 15 56
6 14 46
21 18 23
24 22 247
31 29 58
3 20 361
10 36 430
13 10 392
14 26 82
3 24 46
33 17 225
11 7 425
34 16 309
9 2 44
1 21 418
18 11 431
3 29 436
28 17 95
4 1 387
35 2 445
34 22 429
21 33 240
14 27 269
28 10 124
1 13 182
24 34 475
24 27 83
22 6 223
7 24 355
36 28 299
4 2 61
33 26 385
13 24 380
5 31 490
14 29 127
21 29 45
7 6 156
30 36 43
1 20 126
23 29 250
17 9 369
30 11 204
5 17 57
17 30 216
13 27 29
35 14 422
18 12 87
30 3 323
13 16 137
25 23 286
21 11 394
5 15 57
3 31 128
5 19 9
4 6 368
20 32 125
22 10 484
36 29 155
35 5 173
5 27 7
22 4 163
28 11 167
33 24 44
26 10 246
13 6 8
30 7 380
4 10 253
7 12 335
35 33 32
22 25 455
21 7 456
22 20 486
32 17 411
24 29 397
6 36 3
26 21 378
30 8 446
12 14 445
9 23 307
6 19 98
33 8 182
15 10 1
