499 37 484
18 2 200
11 5 472
34 37 368
5 20 308
36 12 427
23 16 80
19 30 316
17 27 39
27 2 426
35 10 442
16 27 64
1 25 450
9 34 173
26 18 447
7 27 75
13 16 288
30 15 202
29 24 232
31 1 495
20 22 392
17 25 385
33 37 83
18 19 67
20 35 170
33 11 333
18 14 271
29 23 290
11 20 468
4 35 15
30 23 320
6 3 287
22 12 8
14 24 323
15 14 479
29 2 453
34 16 156
7 4 201
22 14 73
17 26 79
23 12 490
34 18 31
7 33 363
12 11 334
16 14 130
10 25 399
27 22 270
37 1 200
25 34 375
33 19 354
17 1 21
12 4 376
23 28 219
5 27 428
35 8 240
26 34 423
14 35 215
10 23 423
3 7 430
30 12 399
21 19 432
1 5 410
22 37 187
12 15 318
9 32 358
24 7 67
14 3 202
32 16 240
31 3 40
21 13 103
12 28 205
6 18 315
32 22 308
25 33 376
28 13 18
21 4 463
18 11 364
2 11 189
8 19 374
26 29 307
20 14 224
29 1 314
22 2 48
2 7 363
32 1 387
10 16 224
16 12 428
16 4 3
36 16 420
35 3 212
27 35 471
3 15 217
13 32 455
1 12 53
37 19 86
13 17 175
5 30 196
16 6 355
10 7 127
36 27 190
13 26 91
8 21 51
13 24 211
30 21 106
27 9 486
3 25 142
34 29 171
25 30 449
23 3 462
37 14 190
2 35 500
6 10 89
21 32 226
9 17 304
1 14 250
17 32 347
6 15 436
25 11 242
14 5 495
14 25 26
9 6 395
24 28 112
25 13 12
10 21 88
37 9 198
28 37 332
25 12 128
5 15 334
33 36 220
33 1 210
32 6 222
15 13 147
29 15 84
37 18 190
35 19 413
14 19 200
31 15 470
28 19 260
11 24 94
31 16 76
2 4 483
11 3 142
2 32 187
26 21 437
4 15 342
15 26 88
4 29 53
16 3 111
32 35 238
19 2 311
36 1 385
24 34 393
26 28 181
18 10 195
17 36 207
18 33 432
35 23 305
25 31 444
33 34 399
28 36 7
27 21 486
3 37 393
7 34 277
23 24 419
2 36 411
36 23 422
10 30 390
29 9 377
7 35 236
26 3 199
32 31 404
29 16 148
13 8 61
27 6 22
26 11 225
25 2 400
35 21 168
11 7 490
7 6 352
12 31 125
33 29 438
36 15 312
2 12 51
36 26 282
8 26 49
21 23 260
31 19 472
22 21 394
23 2 287
19 32 203
25 27 45
4 28 450
36 3 396
23 14 463
37 4 240
27 4 233
17 12 219
5 22 467
20 36 109
11 36 317
21 2 441
29 14 416
36 37 340
26 12 282
9 23 469
1 3 351
26 35 96
37 17 62
7 17 323
19 23 324
19 11 442
34 32 110
32 33 276
15 27 103
21 6 215
13 7 402
32 14 215
8 22 208
24 31 78
37 11 236
27 28 227
29 30 191
37 21 67
31 6 253
17 29 72
4 24 394
31 30 470
19 20 405
31 26 326
35 25 131
14 34 389
34 8 408
2 5 371
34 3 57
24 37 90
23 1 26
6 20 58
6 23 399
34 27 455
4 3 488
14 36 269
20 30 313
26 20 123
32 10 337
29 8 307
8 27 140
28 18 74
26 16 443
29 10 36
30 35 269
23 37 195
18 12 429
17 2 110
33 23 243
20 10 307
10 2 3
10 27 10
10 1 404
27 13 101
9 25 171
11 29 286
21 36 104
24 30 486
15 35 186
2 9 219
15 16 385
16 17 101
34 17 92
31 34 78
12 20 205
17 30 78
7 29 440
9 26 257
37 27 429
5 7 499
35 37 325
5 10 45
28 29 23
8 9 466
32 20 100
20 21 402
23 34 315
21 29 356
18 20 180
26 4 383
15 11 263
22 23 244
32 30 61
9 16 439
20 13 60
15 28 134
19 26 347
5 37 284
20 34 267
8 16 124
3 28 183
10 36 230
31 28 321
22 31 192
22 9 158
25 32 3
30 6 343
33 10 300
13 36 374
33 6 330
8 28 385
26 37 73
8 20 325
36 4 335
9 18 146
4 33 372
10 26 469
29 18 21
18 5 390
32 23 33
20 4 178
20 2 331
4 1 130
34 4 138
26 6 55
7 26 408
19 4 128
28 25 272
23 7 363
4 22 495
24 17 137
22 19 460
30 13 266
12 24 263
8 30 105
4 6 130
32 4 66
7 9 180
6 2 237
22 30 24
9 15 117
2 26 252
18 15 63
9 28 253
37 31 405
17 20 11
3 13 33
32 7 38
8 23 292
14 31 151
9 4 299
1 34 396
1 30 196
17 15 254
27 3 366
24 19 397
24 16 216
29 3 272
13 14 62
2 34 467
15 24 138
28 35 362
22 7 278
19 12 394
31 35 284
7 31 354
36 32 413
22 25 172
6 24 477
21 1 44
35 11 90
29 22 415
15 1 209
22 16 330
31 4 122
26 5 83
17 14 138
19 15 22
11 14 139
5 28 450
16 1 106
13 31 360
21 7 445
3 32 478
8 11 2
37 25 22
12 7 329
10 22 276
10 15 480
14 4 433
23 13 42
28 33 213
36 35 155
25 18 467
24 18 168
25 20 331
32 18 65
35 1 211
22 26 202
7 20 234
15 32 481
22 17 332
18 13 364
2 13 443
25 29 14
30 16 367
14 8 108
29 12 429
12 27 140
26 27 327
16 11 424
17 28 11
11 32 364
31 17 459
13 35 93
5 8 195
32 5 281
30 2 74
21 31 317
17 6 374
8 1 60
22 35 25
15 34 266
27 30 359
36 34 71
23 5 114
3 22 175
34 11 59
5 35 337
19 9 30
1 26 358
13 22 25
2 37 394
4 17 420
1 19 101
17 5 77
24 1 366
7 36 479
18 35 199
12 37 70
13 33 457
33 20 413
12 32 251
14 2 452
23 4 468
24 8 44
14 26 14
18 30 145
6 5 138
37 15 248
16 25 156
9 35 33
4 25 266
31 18 280
32 37 135
7 19 431
23 18 474
6 8 323
23 26 83
15 23 399
4 13 427
33 3 25
3 5 34
10 37 225
7 30 236
1 7 455
7 37 238
34 10 148
37 8 209
5 34 428
20 24 323
14 7 319
15 20 283
16 35 204
10 4 218
28 10 497
20 27 303
16 20 324
22 36 414
1 20 319
31 10 320
22 24 244
17 21 132
28 21 117
2 1 176
8 2 450
16 19 104
29 36 256
29 13 403
16 21 317
36 8 468
29 35 474
27 33 44
35 12 448
28 32 128
22 15 104
24 36 9
14 10 163
9 10 12
25 23 60
25 6 304
3 24 189
22 18 221
22 1 176
13 11 188
