396 33 139
19 7 346
11 3 366
30 18 66
6 5 144
7 2 41
28 25 45
13 7 10
11 22 54
15 17 294
24 6 469
24 12 198
6 29 29
6 22 314
26 24 397
5 16 111
11 17 326
18 11 69
2 14 276
13 9 167
31 5 413
14 25 294
27 11 30
10 33 273
23 12 15
32 2 291
4 16 395
29 7 94
1 30 131
16 2 126
23 13 286
32 21 119
29 1 42
23 14 66
3 8 50
22 33 130
6 3 260
8 12 195
17 19 360
18 9 228
27 19 223
4 21 425
5 28 411
17 24 45
28 22 396
16 9 381
17 18 428
3 24 60
24 5 288
11 29 175
9 3 210
17 3 113
9 10 317
21 22 242
5 19 193
11 24 270
31 6 81
3 27 72
30 8 372
3 28 200
26 6 499
32 28 114
7 14 27
24 8 458
4 8 19
2 4 399
17 5 365
20 31 487
19 1 34
2 22 206
13 4 279
33 24 36
31 24 458
20 30 312
11 6 49
2 20 282
16 15 395
27 25 369
6 23 483
10 18 475
12 16 161
28 9 327
7 24 384
12 15 201
28 27 59
20 10 327
31 2 123
26 10 316
12 30 219
23 26 110
32 22 331
11 2 67
7 18 473
21 16 242
27 21 25
6 30 25
31 22 422
18 24 191
26 19 194
19 33 262
21 3 292
12 17 310
20 26 132
5 11 176
23 1 347
4 5 395
30 4 247
28 30 411
18 22 59
13 12 212
10 25 341
2 25 401
16 24 197
4 3 137
2 6 247
3 33 386
32 23 80
19 28 241
29 24 434
30 22 227
21 7 372
10 19 480
31 25 85
6 21 449
9 32 404
9 27 407
10 1 408
2 27 257
13 1 111
33 17 187
31 10 311
29 32 296
14 30 40
5 1 234
5 9 21
4 32 61
20 33 465
29 19 408
31 8 137
10 32 187
15 31 65
17 8 328
30 16 183
11 32 55
22 13 271
12 3 211
21 10 407
27 12 255
13 28 131
11 7 289
6 27 258
18 20 243
27 15 27
22 29 26
4 33 304
8 20 262
32 6 160
26 4 460
31 28 241
11 31 244
13 26 206
13 32 346
23 17 244
24 1 295
33 13 229
22 24 119
23 16 286
28 21 371
15 5 26
25 11 365
5 18 160
32 18 315
15 7 320
10 3 71
22 1 104
16 22 187
2 24 157
12 28 436
29 26 177
1 7 134
32 7 100
26 28 76
14 11 119
6 16 269
7 25 429
2 8 419
1 20 264
15 4 224
28 16 154
26 12 136
31 1 186
24 20 119
4 29 18
16 18 259
9 19 479
24 28 218
28 2 457
14 26 73
30 5 13
1 25 37
20 6 73
5 21 203
18 25 303
12 6 213
33 18 360
21 8 489
13 21 432
14 18 184
21 17 3
3 19 5
13 19 438
13 16 178
5 13 258
22 12 209
17 1 114
19 22 46
13 11 26
21 18 297
21 23 74
22 15 384
17 9 273
32 19 387
15 1 410
11 12 189
12 4 394
15 23 288
7 17 435
1 12 346
2 21 359
24 23 135
15 19 55
32 30 490
22 14 37
3 29 34
15 13 474
13 31 358
15 8 278
32 8 14
7 33 361
22 4 476
27 26 174
19 23 448
10 24 374
33 15 391
22 25 207
33 28 238
19 20 169
7 27 386
16 26 127
2 5 323
32 16 425
28 8 386
29 28 500
16 8 273
25 8 33
21 14 494
5 32 410
4 25 370
26 25 466
20 27 92
4 27 312
9 30 194
16 25 289
20 3 361
17 4 332
29 8 420
15 9 262
27 30 90
4 14 89
16 17 185
30 19 243
19 2 94
23 33 83
17 32 55
2 29 301
17 25 253
33 8 271
4 10 363
33 30 469
20 4 171
22 17 231
19 16 335
30 25 344
21 11 409
24 21 110
21 26 74
29 23 222
17 31 41
11 8 411
33 21 166
9 22 409
25 15 417
9 21 89
9 6 56
15 6 397
25 9 60
24 9 347
4 18 104
10 6 386
14 13 153
5 25 89
26 33 179
14 33 414
12 19 265
25 20 263
15 29 454
30 10 31
32 25 233
2 33 60
32 26 327
15 3 491
1 14 206
27 33 483
4 23 112
20 11 433
20 7 424
16 3 23
6 19 195
33 29 55
19 24 27
7 23 388
11 9 6
13 18 65
32 12 97
15 18 403
23 27 169
33 32 134
27 13 115
5 3 183
4 19 231
14 3 141
19 11 358
11 15 51
29 25 26
10 17 159
1 27 448
33 16 425
20 21 112
15 30 28
18 8 409
32 31 140
20 5 201
25 21 194
11 23 233
11 30 160
31 21 388
25 19 158
28 18 82
27 14 203
3 26 82
10 23 266
32 20 339
6 7 327
27 32 427
28 17 217
16 11 186
9 31 144
1 8 27
20 22 404
23 9 180
25 33 377
20 29 82
15 32 77
7 10 212
9 14 498
3 2 233
29 31 312
7 4 152
27 22 355
31 23 417
4 28 272
17 27 414
8 10 176
11 26 222
30 29 279
22 5 78
18 3 396
28 11 268
3 25 40
17 6 415
2 23 224
13 17 44
26 2 168
9 20 319
17 29 160
6 25 183
28 23 257
7 16 196
29 9 448
5 10 451
19 14 183
4 6 427
32 3 231
13 30 88
5 8 157
29 10 111
7 22 372
