882 49 432
43 44 193
2 22 299
46 47 280
44 38 402
13 5 181
23 33 226
18 26 49
39 32 170
19 42 165
27 26 292
8 19 266
27 36 65
26 6 217
18 35 3
16 49 185
15 24 44
11 7 157
35 49 479
40 12 411
28 15 40
1 12 359
26 3 237
2 10 153
25 36 273
37 3 283
33 1 254
20 45 200
6 12 233
48 24 270
4 43 300
14 38 172
10 34 421
39 22 50
12 3 321
16 28 151
23 26 367
34 48 13
19 11 177
7 12 496
41 40 477
37 19 180
41 16 247
5 8 292
22 14 185
23 44 5
44 11 292
7 49 406
43 17 185
22 15 90
44 17 369
20 1 235
30 15 24
3 30 27
42 13 94
16 4 151
13 35 84
18 9 126
6 33 428
10 31 409
41 12 127
8 20 148
6 3 9
45 44 426
19 43 152
22 6 371
22 47 391
22 12 15
11 8 489
21 39 189
15 5 46
27 40 187
1 44 316
16 39 299
19 5 2
27 38 68
17 22 203
2 28 429
49 12 55
13 20 410
22 24 301
43 6 249
29 1 3
39 18 309
21 23 429
2 25 381
8 34 442
32 19 76
42 33 257
15 35 52
47 9 372
4 45 252
13 11 316
17 10 196
7 6 37
38 28 5
46 43 403
45 1 355
29 26 373
24 11 291
30 20 163
18 37 352
29 42 258
31 22 128
38 30 299
14 47 144
47 40 19
18 3 201
16 25 227
47 31 278
19 48 307
25 38 358
26 9 303
42 28 387
7 23 484
49 45 338
11 27 106
48 41 212
39 26 377
19 27 121
9 38 464
18 29 298
29 9 128
47 25 274
1 7 269
49 14 288
35 22 17
28 40 19
9 34 38
43 29 256
47 10 393
30 21 369
43 11 281
26 38 392
33 40 222
13 12 21
38 18 446
45 13 152
33 36 101
10 4 424
34 46 412
36 28 431
6 31 191
37 21 366
5 42 192
40 39 492
29 40 266
8 13 438
24 17 192
21 27 318
1 9 492
8 30 424
5 12 116
41 18 141
42 39 379
35 42 332
44 4 144
48 28 95
22 27 302
16 32 257
43 13 447
7 16 468
31 4 187
39 29 361
24 36 461
26 45 467
18 43 189
27 49 93
24 16 162
17 19 122
20 22 10
45 15 65
10 38 461
17 15 243
25 22 442
37 43 378
27 41 112
8 44 453
15 2 295
38 4 421
35 19 310
11 36 114
36 4 69
2 41 48
2 18 140
35 11 375
31 17 15
13 9 91
31 18 179
30 42 250
38 17 213
9 15 210
45 43 307
44 13 138
29 7 113
40 34 341
44 31 48
23 41 48
42 11 272
21 44 6
42 37 112
48 43 316
25 49 82
31 8 122
31 19 257
8 33 405
37 6 350
30 13 388
40 6 88
14 8 319
41 22 456
28 24 160
27 16 209
24 38 18
1 4 132
7 18 3
3 21 243
23 1 233
40 16 135
13 39 138
7 47 251
3 48 269
48 35 232
47 32 394
25 27 155
42 23 492
3 13 143
31 3 137
37 2 295
40 38 197
38 29 262
30 34 82
30 24 346
33 41 184
19 34 169
23 3 271
28 7 397
17 7 186
8 41 327
7 40 288
8 45 189
21 2 136
45 30 198
47 26 247
46 16 144
41 4 104
28 29 86
26 10 7
4 32 103
18 5 262
32 48 435
26 25 333
1 42 145
10 43 356
1 35 118
12 43 422
30 25 173
47 42 14
47 49 354
21 24 239
38 2 475
25 19 361
5 25 451
23 19 311
12 8 149
29 3 457
39 25 164
3 14 284
37 45 417
5 32 218
28 33 237
26 34 281
48 14 112
27 29 355
20 19 478
21 11 391
34 24 42
22 45 129
33 37 263
42 9 281
42 7 149
17 2 9
26 48 140
33 17 389
48 46 381
46 28 65
23 40 379
29 33 471
43 34 446
46 4 150
15 1 386
1 36 126
45 33 263
46 7 215
29 30 490
48 13 264
40 15 14
39 24 155
49 20 292
14 13 239
41 25 168
14 45 189
14 41 191
9 3 393
1 27 305
32 11 310
5 34 214
41 43 51
19 13 376
33 46 478
14 6 121
6 10 144
14 26 333
19 30 110
30 32 392
7 30 223
36 5 460
31 28 170
23 28 379
35 30 182
32 10 203
30 14 360
47 29 337
34 2 393
28 19 170
7 31 324
26 44 12
20 16 35
29 6 255
47 36 236
23 27 76
48 47 378
3 34 431
27 10 288
39 17 135
41 10 133
14 19 239
2 3 309
12 4 389
20 12 394
22 9 92
41 45 244
40 36 303
21 41 310
10 39 358
36 32 154
2 26 64
14 39 131
4 13 15
2 45 42
25 10 283
35 39 24
31 45 107
28 45 480
4 49 332
40 3 196
26 12 364
46 2 164
28 25 49
41 35 43
31 48 197
4 25 203
49 31 7
47 37 105
26 4 174
48 7 485
36 12 160
4 17 134
49 48 406
2 33 330
26 20 260
33 25 263
31 23 219
6 44 57
40 32 413
12 34 57
14 17 433
7 20 21
46 17 19
25 13 106
38 3 205
32 6 362
39 41 19
13 7 302
45 38 228
23 47 270
19 16 249
41 34 199
14 9 93
15 21 388
37 25 139
39 37 176
48 1 57
42 8 36
16 11 264
19 18 279
9 12 495
3 16 53
32 9 381
6 4 437
7 44 302
44 32 494
45 23 447
3 7 372
20 32 137
44 39 256
15 11 201
18 27 240
34 33 381
15 31 134
7 9 322
47 8 152
26 43 499
21 25 438
36 2 14
5 28 336
9 20 209
18 46 87
26 22 464
23 48 418
45 36 375
26 46 317
2 35 163
10 7 91
2 12 380
41 15 451
37 11 389
8 37 8
34 15 315
43 21 220
6 41 262
17 42 411
30 48 17
28 32 271
6 49 362
46 25 211
25 35 230
31 40 159
3 41 376
39 15 307
46 21 221
4 22 56
12 33 479
37 24 418
26 36 330
36 21 57
44 16 270
46 12 339
14 23 453
48 17 493
48 21 380
49 46 451
39 43 339
7 35 315
20 47 281
20 40 484
43 8 333
38 31 45
16 34 44
24 41 461
35 28 121
43 30 97
15 4 477
41 17 85
34 45 455
32 33 138
33 16 174
14 46 413
10 16 256
22 34 201
27 43 392
25 44 442
48 33 347
5 22 304
29 35 199
33 43 439
46 30 223
6 28 147
35 31 168
42 4 140
8 48 11
34 35 268
48 12 245
47 18 136
32 2 147
46 5 163
30 41 120
15 49 225
24 43 192
24 29 158
12 31 359
10 15 262
23 46 122
2 13 442
14 12 287
18 34 215
16 17 8
37 49 233
6 39 305
16 38 107
9 28 134
29 4 288
22 21 309
33 30 72
34 28 22
29 49 383
41 9 21
23 25 237
3 28 269
7 5 261
18 17 478
1 32 154
42 46 475
27 28 300
13 6 175
35 40 28
46 9 73
35 6 379
2 20 271
13 34 376
25 48 463
15 46 424
14 33 156
22 8 155
44 15 73
37 9 76
22 38 361
24 2 273
37 29 492
45 5 363
28 10 126
45 17 382
14 31 181
10 5 258
11 28 311
17 6 369
10 35 62
26 7 491
18 28 82
44 9 326
22 3 311
7 14 262
21 14 293
41 13 122
37 5 451
8 17 463
10 44 52
9 31 487
39 5 88
47 43 385
32 7 132
49 34 273
35 20 205
38 32 69
26 28 158
23 13 318
49 32 255
30 31 369
1 5 327
30 27 325
9 30 303
9 2 187
26 1 29
15 23 307
19 12 478
47 15 402
35 37 125
18 30 261
10 40 114
43 31 408
22 40 226
36 43 223
22 49 265
24 25 317
12 25 349
38 7 361
37 41 91
11 20 430
14 25 221
16 15 20
22 36 300
11 3 147
31 25 210
26 15 360
5 44 258
23 38 221
18 16 411
39 27 73
27 24 334
17 35 260
5 4 80
8 10 82
44 34 301
42 32 360
34 1 417
29 11 318
4 20 364
25 7 73
40 4 113
36 19 473
7 22 253
17 32 387
18 23 351
12 10 34
15 43 308
19 33 341
21 34 466
32 22 318
49 26 297
22 1 74
11 17 19
7 21 183
48 5 360
25 45 430
48 11 413
23 4 260
44 48 375
9 23 219
12 23 393
42 40 271
18 36 340
40 26 410
22 23 420
24 14 33
25 18 18
16 6 228
24 49 173
14 10 232
24 3 405
38 35 159
26 11 22
8 16 491
42 20 337
19 46 9
39 2 204
6 30 360
40 5 464
24 40 50
26 33 227
42 3 33
33 31 82
19 41 153
47 12 244
10 49 51
43 25 489
13 17 338
40 17 257
1 31 454
4 7 170
27 42 30
47 38 78
24 32 338
40 49 340
11 41 230
49 17 435
21 12 496
10 21 480
38 15 126
29 2 265
27 33 298
24 5 443
47 1 48
4 11 129
27 7 152
26 16 206
43 23 321
9 10 76
49 33 266
33 22 154
1 37 377
21 29 429
49 23 222
42 36 113
30 44 216
25 15 123
7 19 126
31 42 60
47 5 27
42 34 61
48 39 52
18 15 138
2 14 59
37 30 26
41 44 359
11 22 74
36 44 375
20 17 439
3 15 328
36 23 108
37 28 294
8 9 269
30 28 336
44 46 438
45 3 345
2 40 161
13 29 77
24 19 159
35 4 108
32 18 266
35 46 52
49 11 204
23 39 262
21 5 216
46 22 112
48 22 169
3 10 149
11 10 68
45 46 277
31 39 178
37 17 484
38 20 369
1 18 256
38 19 111
6 5 470
8 26 469
23 11 378
44 28 97
30 5 86
16 21 154
23 8 409
36 34 485
12 42 169
13 37 408
44 19 19
33 35 252
6 8 205
37 40 175
43 42 37
41 7 473
49 21 275
36 41 307
22 29 473
16 36 89
6 25 23
3 46 123
38 36 271
38 1 80
36 9 39
20 18 104
45 32 111
6 45 499
13 38 270
29 20 427
46 13 377
41 42 314
1 3 89
40 44 94
29 17 474
41 26 329
34 38 170
36 30 314
20 24 358
48 36 128
10 19 143
19 3 433
40 11 475
21 32 328
15 32 175
22 37 68
35 32 274
40 14 312
35 3 114
48 42 104
43 7 469
27 44 432
26 35 155
49 5 465
39 46 152
3 32 378
14 35 366
11 30 75
35 27 500
5 41 74
6 47 214
4 18 406
32 25 485
14 18 476
16 13 35
1 17 441
43 5 355
45 35 55
8 24 55
27 5 329
29 14 460
1 49 65
24 10 197
20 39 46
1 24 365
27 6 345
10 33 89
29 16 301
1 25 369
5 16 261
34 6 129
38 8 218
14 28 243
29 48 481
13 22 374
2 31 74
39 7 413
19 40 335
5 20 302
39 38 349
47 30 55
2 5 444
5 23 282
34 27 193
38 5 2
48 20 90
31 20 479
40 46 323
9 40 183
26 17 497
46 38 386
3 39 171
32 12 190
44 12 265
33 21 87
24 33 100
18 48 361
35 12 166
36 20 456
34 39 312
8 46 276
49 13 205
21 28 41
22 42 106
39 28 479
11 18 342
28 49 26
37 7 394
21 18 165
20 21 22
49 43 283
44 42 149
37 14 196
38 43 17
45 29 358
22 19 261
29 12 406
39 19 352
46 41 211
9 4 395
28 17 126
40 1 32
33 15 367
34 47 415
11 5 491
27 37 128
42 49 225
8 39 167
43 40 176
29 10 266
16 35 329
23 20 32
14 34 443
21 31 489
35 43 23
42 26 448
21 35 452
17 23 225
20 6 45
44 37 102
36 15 396
42 25 357
27 2 480
33 38 15
39 45 311
1 43 67
10 22 374
39 4 394
11 34 218
34 23 194
19 4 73
36 29 327
13 33 67
25 8 337
2 6 64
25 29 264
20 10 239
37 16 240
49 19 435
36 39 325
