561 34 494
1 19 103
34 29 352
24 20 181
20 23 46
23 17 219
22 2 281
27 15 452
23 2 386
26 19 250
20 22 229
34 28 121
32 30 130
14 6 314
33 13 237
17 22 291
25 15 259
21 28 180
15 31 369
2 33 244
4 13 330
19 12 138
9 19 252
33 15 216
1 33 332
24 6 221
3 32 73
27 14 322
31 23 497
1 32 278
3 24 243
25 2 142
27 26 95
5 17 309
1 17 103
28 14 108
1 34 178
16 22 215
11 9 115
29 14 118
5 7 89
1 10 475
4 33 152
31 33 105
8 12 126
27 17 61
5 33 279
32 2 5
32 5 120
28 29 158
28 3 223
6 27 417
15 28 176
30 31 172
21 14 72
4 15 153
10 14 103
22 21 479
4 25 18
5 25 378
34 30 208
4 30 174
23 27 472
13 28 24
16 14 491
2 9 401
3 21 18
19 33 95
23 4 412
18 20 296
2 15 154
1 11 334
27 31 231
19 16 182
23 24 230
18 8 320
11 6 273
34 13 207
26 28 499
27 33 98
14 17 100
25 8 370
17 11 1
14 12 177
10 17 422
20 19 78
3 30 230
3 6 376
9 23 487
29 22 312
10 3 93
9 3 178
19 29 203
2 11 193
1 16 353
27 28 185
10 13 120
7 13 401
20 33 166
30 5 392
17 9 16
29 15 53
1 8 291
17 15 437
8 33 191
29 9 329
31 18 457
18 1 144
17 26 163
24 21 336
30 28 383
24 33 273
11 20 159
3 26 111
3 33 379
26 31 292
18 32 182
33 11 451
26 33 158
11 4 46
7 26 291
13 32 89
28 7 118
25 21 441
16 2 160
4 14 57
16 28 93
23 32 246
11 18 221
19 27 347
7 15 326
6 32 332
18 34 400
2 8 6
25 7 396
22 5 395
22 33 278
15 14 54
18 28 493
18 27 343
17 21 27
6 18 373
31 29 341
24 15 80
6 20 38
12 17 343
32 33 177
20 17 381
33 6 313
1 3 163
16 7 346
19 15 261
23 13 300
12 32 347
24 27 500
17 7 77
15 3 58
16 34 135
12 25 237
1 24 480
25 14 283
19 17 236
16 6 34
20 32 246
7 19 85
21 32 26
21 23 165
10 30 348
4 12 486
28 9 83
3 23 235
30 1 269
16 21 256
25 17 185
11 24 451
20 2 266
24 13 435
23 15 362
14 5 262
26 23 379
21 27 161
34 25 376
3 20 145
11 29 273
4 19 1
26 12 298
2 28 366
9 7 45
10 20 455
26 34 385
6 4 69
17 16 21
1 22 164
8 34 327
9 26 453
10 27 187
7 8 330
22 3 426
18 17 231
24 25 176
24 12 65
7 27 391
23 28 383
19 34 132
7 14 341
24 32 470
25 1 112
17 33 236
9 5 311
23 34 473
27 8 183
26 29 326
20 8 189
15 12 455
16 15 184
26 14 300
4 32 341
14 20 297
25 22 186
7 23 360
32 14 211
33 14 35
21 13 222
17 29 40
6 29 195
32 16 380
10 24 373
3 11 40
26 25 289
21 29 337
10 6 166
32 29 51
1 2 407
23 1 418
26 16 114
31 32 212
13 20 450
21 19 413
12 20 175
16 20 411
7 2 442
8 5 243
14 23 203
28 1 324
34 31 92
29 27 46
34 20 97
18 10 330
16 23 79
19 10 294
15 34 210
11 25 318
22 15 500
2 3 357
28 33 302
10 29 295
11 30 357
25 30 397
13 19 9
16 13 435
4 24 272
20 25 488
5 12 309
8 16 54
4 7 286
31 19 111
14 11 303
10 31 321
34 6 424
6 8 401
24 28 470
22 34 457
10 32 49
4 17 255
1 14 198
8 31 152
29 24 269
5 6 78
18 30 384
6 19 484
16 24 108
31 16 153
25 31 402
15 13 233
20 31 453
21 30 21
7 29 84
7 30 95
23 5 187
13 6 127
8 24 242
28 4 57
4 10 170
22 10 403
6 22 409
5 26 26
33 25 378
18 9 341
12 23 329
3 16 87
30 23 54
12 16 459
5 24 190
25 16 146
9 15 313
18 5 265
12 30 162
18 14 36
2 19 129
9 13 28
18 3 389
3 25 174
31 24 264
21 33 159
8 32 126
3 27 174
12 31 121
5 19 285
2 26 319
7 21 164
4 3 385
24 22 81
2 4 186
28 5 24
24 17 273
30 29 119
1 21 473
3 12 352
32 17 456
14 31 236
6 17 268
2 24 37
27 12 495
27 30 287
15 30 422
8 26 100
34 5 8
32 15 310
27 25 283
20 21 126
24 9 360
30 13 256
11 12 196
13 11 255
4 31 239
11 26 319
32 19 99
27 20 339
23 22 393
6 12 398
9 6 495
11 8 147
11 34 368
34 2 251
31 1 88
5 31 225
12 22 448
33 23 455
34 32 186
12 34 479
24 7 230
18 21 374
34 27 388
6 31 231
3 14 451
26 20 103
4 16 396
23 25 452
28 19 272
6 23 111
10 26 257
33 16 403
22 8 270
14 8 27
30 33 124
18 15 426
22 19 278
30 6 229
9 21 216
1 20 400
9 14 314
14 2 228
19 3 220
21 31 106
13 22 142
4 34 153
33 12 420
29 1 378
15 5 149
29 16 37
24 19 278
29 12 473
25 28 124
34 14 27
19 11 310
24 18 256
1 4 173
22 32 78
33 34 66
7 20 34
8 17 496
21 34 197
6 7 108
9 30 274
34 17 346
21 15 103
12 9 123
31 3 369
7 33 284
12 21 221
5 4 178
8 21 305
7 18 180
9 34 475
10 2 191
17 13 462
30 14 437
4 22 169
5 16 245
26 32 463
10 28 380
9 4 161
22 14 91
10 7 115
21 11 438
6 2 477
33 29 248
25 6 144
5 29 500
18 12 246
30 22 282
15 20 219
27 1 370
27 4 118
17 2 330
18 22 92
26 18 327
25 18 56
6 21 165
27 13 119
26 30 210
5 27 483
11 32 443
26 22 365
23 11 434
32 28 442
4 18 327
6 1 101
28 8 141
26 6 105
20 30 130
20 4 416
30 8 73
31 11 499
29 3 160
24 34 133
16 9 392
10 23 289
25 10 65
29 23 307
17 28 308
20 29 401
27 9 200
30 16 336
34 7 258
16 27 447
13 18 245
13 14 454
9 10 318
26 15 184
23 19 418
30 24 367
22 9 339
17 31 19
4 26 323
13 25 143
2 5 370
18 19 61
13 2 425
30 2 357
11 10 272
25 32 258
14 19 188
15 1 43
22 28 104
2 31 401
8 3 202
2 27 347
10 15 370
12 28 254
12 10 149
13 3 66
34 3 218
22 27 401
16 10 113
5 1 11
29 18 318
26 24 91
13 12 5
10 21 109
30 19 401
6 28 126
8 23 349
10 33 416
21 2 260
33 18 295
11 15 325
8 9 65
4 29 181
22 7 416
21 5 129
20 28 444
9 25 161
34 10 329
7 11 58
13 31 349
13 1 242
14 24 195
7 3 364
4 8 399
9 33 150
29 13 195
10 8 202
15 6 128
21 4 496
13 8 45
7 12 441
5 20 495
2 18 485
17 3 193
29 8 100
25 19 6
32 9 110
27 11 28
22 11 366
1 7 119
17 30 493
9 1 205
26 21 176
5 11 333
22 31 47
20 9 87
27 32 164
1 12 333
26 1 129
19 8 428
32 7 301
5 3 9
8 15 103
28 11 196
2 12 69
13 26 276
31 7 314
25 29 495
18 16 305
10 5 476
2 29 495
18 23 314
13 5 246
16 11 10
31 9 455
28 31 263
