215 42 318
29 33 160
23 27 19
34 13 114
40 16 492
2 41 392
17 40 399
34 9 453
28 30 37
39 41 252
8 23 39
11 28 33
22 30 139
34 3 145
21 14 453
34 20 23
40 10 427
19 7 412
10 27 405
33 9 129
28 27 441
5 10 222
12 24 167
12 15 414
23 14 58
38 12 167
16 28 411
17 3 141
38 15 473
13 4 317
31 17 408
39 31 465
11 38 74
9 12 70
27 8 434
15 30 460
24 10 148
5 22 357
10 15 496
20 2 297
21 8 311
42 10 147
39 37 431
14 27 476
38 3 246
22 15 455
12 34 239
42 31 178
13 20 141
11 35 289
11 21 132
38 29 28
40 34 419
14 5 362
5 17 14
13 24 148
22 42 52
24 5 1
33 38 26
32 23 75
18 12 17
10 19 313
6 14 303
41 15 390
12 8 49
12 6 131
19 1 185
36 5 97
26 29 166
3 35 170
8 36 445
1 33 488
22 39 146
36 3 233
18 30 481
19 15 445
19 25 165
22 3 299
11 20 38
14 2 87
6 21 91
39 16 18
8 26 429
11 34 4
30 4 349
29 41 220
12 22 161
26 11 170
20 40 465
33 31 389
31 11 500
13 42 469
35 18 490
35 30 69
24 42 396
10 11 317
34 27 1
22 25 103
3 9 376
23 25 236
31 15 309
13 25 251
39 17 291
40 4 66
30 36 121
5 29 196
6 17 390
42 27 486
26 6 62
22 34 420
26 25 379
1 15 366
25 40 55
32 16 215
8 7 245
13 7 270
25 1 19
9 41 416
2 5 492
38 1 85
20 3 260
38 5 107
31 7 143
3 18 444
37 2 457
4 41 24
1 18 340
20 31 188
27 1 200
38 35 301
39 15 96
15 7 154
36 39 221
17 38 376
11 27 114
2 35 59
26 7 200
27 13 230
33 14 320
13 8 415
21 18 328
29 11 313
10 22 74
21 28 255
17 32 148
38 6 277
6 1 15
33 3 315
42 7 89
7 17 133
32 30 338
22 26 482
21 1 124
25 27 221
32 7 252
23 19 423
30 12 424
25 21 239
24 34 169
10 16 23
16 14 330
18 29 295
29 20 127
21 40 480
21 31 77
12 25 443
10 7 287
14 24 111
33 28 368
20 41 121
4 6 454
24 2 241
29 39 33
14 20 113
31 37 84
38 19 157
9 11 76
12 7 53
3 4 416
1 37 428
16 13 47
8 14 31
25 30 359
29 17 52
21 32 170
2 13 55
13 36 401
2 12 27
39 3 163
38 2 230
5 20 165
1 9 350
28 40 5
40 29 253
16 25 177
24 35 247
34 21 326
4 24 197
27 35 481
22 27 362
2 9 324
8 37 100
26 10 215
4 38 128
23 11 359
39 28 408
10 9 75
14 34 431
40 7 398
26 13 277
9 19 117
37 7 161
35 29 75
30 19 344
35 42 370
5 34 40
