87 27 215
13 12 128
3 15 172
16 18 194
11 3 440
5 7 495
20 1 107
17 21 30
20 7 472
18 13 116
21 2 399
18 2 281
20 22 1
21 15 66
14 22 31
25 17 320
15 18 325
9 18 488
12 19 87
7 22 22
19 10 21
7 24 23
17 2 401
15 11 424
14 24 483
1 21 326
2 14 116
1 12 282
1 2 304
17 5 436
25 22 443
5 9 16
17 19 494
18 20 277
4 19 436
15 14 260
21 27 418
13 3 53
8 15 185
1 7 379
16 7 23
25 9 465
6 8 284
18 23 128
12 4 424
14 9 242
27 1 30
5 25 11
24 15 303
22 1 399
15 12 397
4 11 284
20 9 162
10 4 308
11 20 338
5 2 374
19 18 476
8 16 377
20 3 166
10 20 430
1 14 12
4 17 384
2 8 110
18 4 447
19 24 103
13 9 281
10 21 35
15 9 283
17 26 158
20 5 122
12 6 476
14 27 339
14 13 446
16 6 173
7 18 92
17 6 432
8 7 301
6 11 189
19 21 402
1 17 50
24 27 196
6 9 26
4 9 275
8 17 379
1 23 278
17 24 56
17 11 207
3 7 133
